2.000000 -34212.243760 17861.229080 0.728923 0.386205
2.025000 -33844.102160 17689.972640 0.782850 0.468912
2.050000 -33451.505560 17497.315960 0.840866 0.590339
2.075000 -33029.000040 17277.874460 0.904679 0.742617
2.100000 -32574.350960 17022.571080 0.966455 0.993772
2.125000 -32086.089080 16734.745020 1.052605 1.266409
2.150000 -31547.657200 16376.917960 1.161248 1.856918
2.175000 -30952.224680 15919.176160 1.277472 3.023297
2.200000 -30291.146600 15333.852280 1.464034 5.894317
2.225000 -29559.346640 14586.396060 1.643956 9.611013
2.250000 -28688.180240 13271.277260 1.931704 24.253546
2.275000 -27486.159240 9426.285640 2.567960 210.827993
2.300000 -26424.291720 5823.642800 2.309430 240.334707
