2.000000 -17455.996040 9113.185400 0.731210 0.400856
2.010000 -17382.444320 9079.931300 0.750020 0.422519
2.020000 -17307.189760 9045.149840 0.768273 0.453093
2.030000 -17230.196920 9008.418000 0.784181 0.490897
2.040000 -17150.229400 8968.774340 0.800756 0.533532
2.050000 -17070.024280 8930.198520 0.824071 0.568055
2.060000 -16987.295920 8889.297740 0.843634 0.603102
2.070000 -16900.379360 8843.993900 0.873662 0.662912
2.080000 -16812.512560 8797.308340 0.903999 0.740884
2.090000 -16720.271480 8745.818580 0.933028 0.841025
2.100000 -16626.750320 8694.457640 0.945705 0.901673
2.110000 -16529.433840 8638.330320 0.981456 1.007146
2.120000 -16428.611680 8576.090280 1.003793 1.134159
2.130000 -16321.530680 8506.500420 1.051686 1.372046
2.140000 -16213.187000 8435.011120 1.107520 1.648878
2.150000 -16104.698920 8365.601980 1.143875 1.785325
2.160000 -15991.715320 8290.226000 1.174338 1.953266
2.170000 -15869.567480 8195.157740 1.239466 2.569459
2.180000 -15744.444280 8100.405560 1.265502 2.919180
2.190000 -15613.130040 7987.080860 1.316946 3.628561
2.200000 -15484.430320 7887.777860 1.349827 3.619379
2.210000 -15333.579200 7735.757180 1.454885 5.203289
2.220000 -15160.570440 7499.830040 1.596747 10.495998
2.230000 -15020.446400 7384.094840 1.605312 9.026895
2.240000 -14857.733400 7219.580520 1.693391 9.612318
2.250000 -14674.792760 6948.084600 1.845632 16.397149
2.260000 -14459.671680 6476.708400 2.082754 37.491657
2.270000 -14216.655800 5901.671560 2.403875 70.735193
2.280000 -13929.907480 4667.148520 2.562223 164.934697
2.290000 -13669.829760 3577.272080 2.462719 188.264115
2.300000 -13505.351040 3343.713100 2.231263 176.823325
