2.200000 -61.874007 31.410514 1.465991 4.910634
2.210000 -61.216197 30.559573 1.583243 8.691850
2.220000 -60.713365 30.319224 1.538837 6.061872
2.230000 -59.949922 29.235216 1.729066 10.184851
2.240000 -59.358423 28.628257 1.754203 11.286625
2.250000 -58.643898 27.665598 1.799417 14.349292
2.260000 -57.928088 26.833611 1.818227 14.542849
2.270000 -56.994890 24.895031 1.969421 22.864285
2.280000 -56.565587 24.844946 1.906663 19.822520
2.290000 -55.556640 22.704118 2.000476 26.771952
2.300000 -54.781873 21.203359 2.065576 31.194488
