2.200000 -30.989062 15.853164 1.335045 2.778924
2.210000 -30.690744 15.561501 1.408102 3.587113
2.220000 -30.474110 15.467815 1.402974 3.145776
2.230000 -30.216684 15.248255 1.434519 3.592729
2.240000 -29.769320 14.654371 1.546682 5.303639
2.250000 -29.584476 14.617063 1.524168 4.827879
2.260000 -29.206864 14.193190 1.589926 5.620285
2.270000 -28.879374 13.872489 1.615313 6.036410
2.280000 -28.483472 13.397862 1.683091 6.793083
2.290000 -28.239782 13.185583 1.654151 6.901070
2.300000 -27.883514 12.749495 1.650149 7.503594
