2.000000 -6282.841600 3280.025240 0.725728 0.388206
2.025000 -6215.633800 3249.031060 0.778155 0.468675
2.050000 -6143.519680 3213.034440 0.840772 0.614899
2.075000 -6067.308120 3174.492080 0.906566 0.740863
2.100000 -5982.380840 3126.490620 0.974838 0.974565
2.125000 -5892.226080 3071.493140 1.050906 1.367153
2.150000 -5793.979160 3006.410240 1.150942 1.863724
2.175000 -5689.482000 2934.412040 1.221606 2.220508
2.200000 -5569.050120 2830.818760 1.373975 3.831380
2.225000 -5422.160880 2664.319040 1.618675 8.275163
2.250000 -5271.381600 2444.151220 2.027204 27.015437
2.275000 -5079.673480 2057.402400 2.275572 51.545910
2.300000 -4879.568840 1548.001760 2.115673 66.793618
