-2568.000000 1713
-2640.000000 1512
-2532.000000 1429
-2524.000000 1311
-2480.000000 825
-2624.000000 1591
-2668.000000 1277
-2652.000000 1456
-2704.000000 736
-2720.000000 618
-2628.000000 1627
-2688.000000 1018
-2636.000000 1563
-2632.000000 1621
-2676.000000 1126
-2596.000000 1783
-2684.000000 1052
-2712.000000 667
-2724.000000 495
-2580.000000 1829
-2656.000000 1409
-2660.000000 1299
-2644.000000 1558
-2612.000000 1663
-2648.000000 1438
-2752.000000 305
-2692.000000 903
-2672.000000 1185
-2616.000000 1687
-2572.000000 1628
-2468.000000 717
-2496.000000 969
-2476.000000 796
-2444.000000 480
-2588.000000 1784
-2592.000000 1772
-2784.000000 121
-2804.000000 52
-2756.000000 292
-2680.000000 1042
-2748.000000 346
-2560.000000 1615
-2608.000000 1736
-2556.000000 1586
-2600.000000 1744
-2516.000000 1177
-2576.000000 1673
-2544.000000 1543
-2512.000000 1175
-2664.000000 1252
-2696.000000 838
-2736.000000 401
-2732.000000 459
-2716.000000 674
-2604.000000 1760
-2528.000000 1281
-2536.000000 1394
-2440.000000 445
-2492.000000 925
-2564.000000 1712
-2500.000000 1020
-2484.000000 890
-2540.000000 1375
-2380.000000 129
-2356.000000 97
-2464.000000 634
-2376.000000 122
-2504.000000 1064
-2552.000000 1556
-2508.000000 1057
-2488.000000 864
-2404.000000 246
-2448.000000 495
-2472.000000 771
-2392.000000 184
-2452.000000 532
-2456.000000 589
-2460.000000 591
-2520.000000 1288
-2428.000000 355
-2384.000000 161
-2400.000000 200
-2432.000000 375
-2584.000000 1709
-2548.000000 1483
-2620.000000 1645
-2824.000000 31
-2708.000000 709
-2728.000000 492
-2768.000000 210
-2764.000000 234
-2416.000000 317
-2372.000000 117
-2760.000000 237
-2740.000000 387
-2360.000000 83
-2412.000000 270
-2352.000000 71
-2364.000000 100
-2344.000000 49
-2312.000000 31
-2320.000000 30
-2336.000000 53
-2420.000000 292
-2408.000000 255
-2396.000000 215
-2340.000000 59
-2700.000000 780
-2744.000000 347
-2800.000000 78
-2424.000000 347
-2328.000000 44
-2788.000000 116
-2436.000000 445
-2388.000000 179
-2776.000000 153
-2808.000000 48
-2816.000000 38
-2848.000000 15
-2852.000000 12
-2772.000000 167
-2292.000000 16
-2820.000000 38
-2796.000000 77
-2792.000000 98
-2780.000000 130
-2368.000000 104
-2308.000000 26
-2332.000000 36
-2812.000000 46
-2832.000000 19
-2876.000000 2
-2856.000000 16
-2316.000000 19
-2324.000000 28
-2304.000000 18
-2888.000000 2
-2868.000000 5
-2844.000000 16
-2880.000000 5
-2276.000000 15
-2288.000000 11
-2836.000000 25
-2348.000000 67
-2840.000000 14
-2284.000000 9
-2300.000000 22
-2256.000000 9
-2240.000000 1
-2272.000000 9
-2264.000000 9
-2236.000000 1
-2280.000000 11
-2200.000000 1
-2244.000000 3
-2268.000000 5
-2828.000000 8
-2224.000000 2
-2232.000000 3
-2864.000000 4
-2248.000000 3
-2296.000000 10
-2884.000000 1
-2860.000000 3
-2872.000000 1
-2212.000000 1
-2204.000000 2
-2156.000000 1
-2196.000000 2
-2184.000000 1
-2176.000000 1
-2252.000000 3
-2216.000000 1
-2208.000000 2
-2924.000000 2
-2168.000000 2
-2192.000000 1
-2260.000000 2
-2152.000000 2
-2180.000000 1
-2228.000000 1
0.000000 -1896333123
