-1.312500 0.009528
-1.307500 0.008862
-1.257500 0.004779
-1.355000 0.011569
-1.370000 0.011056
-1.440000 0.008441
-1.532500 0.002318
-1.555000 0.001087
-1.505000 0.003703
-1.470000 0.006390
-1.425000 0.010441
-1.455000 0.007221
-1.510000 0.003272
-1.427500 0.009210
-1.457500 0.007179
-1.415000 0.010492
-1.432500 0.009456
-1.430000 0.009538
-1.377500 0.011744
-1.385000 0.011067
-1.340000 0.011097
-1.325000 0.010851
-1.327500 0.010246
-1.295000 0.007979
-1.357500 0.010913
-1.330000 0.010862
-1.317500 0.010195
-1.292500 0.007897
-1.315000 0.010277
-1.390000 0.011508
-1.405000 0.010872
-1.392500 0.011487
-1.420000 0.009528
-1.367500 0.011221
-1.322500 0.010513
-1.362500 0.011538
-1.407500 0.011374
-1.395000 0.010656
-1.417500 0.010369
-1.412500 0.010287
-1.475000 0.006041
-1.447500 0.008708
-1.297500 0.007979
-1.365000 0.011415
-1.360000 0.011364
-1.372500 0.011087
-1.380000 0.010790
-1.342500 0.011405
-1.345000 0.011641
-1.400000 0.010636
-1.465000 0.006718
-1.497500 0.004154
-1.515000 0.003108
-1.500000 0.004154
-1.537500 0.001887
-1.507500 0.003723
-1.527500 0.002297
-1.462500 0.006954
-1.435000 0.009303
-1.397500 0.011221
-1.472500 0.005979
-1.450000 0.007805
-1.480000 0.006092
-1.490000 0.004903
-1.452500 0.007815
-1.347500 0.010892
-1.332500 0.011046
-1.402500 0.010749
-1.320000 0.009641
-1.260000 0.005149
-1.240000 0.003908
-1.255000 0.004544
-1.267500 0.005703
-1.222500 0.002041
-1.275000 0.006779
-1.212500 0.001764
-1.282500 0.006882
-1.252500 0.004503
-1.250000 0.004154
-1.302500 0.008821
-1.305000 0.008738
-1.262500 0.004913
-1.270000 0.005528
-1.290000 0.008021
-1.202500 0.001169
-1.245000 0.003477
-1.310000 0.009621
-1.277500 0.006390
-1.352500 0.011221
-1.237500 0.003067
-1.300000 0.008503
-1.337500 0.011251
-1.287500 0.007805
-1.272500 0.006164
-1.225000 0.002297
-1.242500 0.003846
-1.335000 0.011579
-1.350000 0.011477
-1.375000 0.011077
-1.387500 0.011026
-1.285000 0.007805
-1.382500 0.011364
-1.247500 0.003908
-1.217500 0.001877
-1.220000 0.002021
-1.280000 0.007118
-1.232500 0.002759
-1.265000 0.005744
-1.197500 0.000872
-1.235000 0.003108
-1.190000 0.000810
-1.185000 0.000636
-1.227500 0.002574
-1.175000 0.000431
-1.210000 0.001723
-1.205000 0.001221
-1.230000 0.002656
-1.195000 0.001138
-1.215000 0.001744
-1.207500 0.001169
-1.172500 0.000421
-1.410000 0.010369
-1.437500 0.009508
-1.422500 0.009764
-1.177500 0.000544
-1.442500 0.008574
-1.485000 0.005169
-1.467500 0.006667
-1.530000 0.002297
-1.520000 0.002656
-1.477500 0.005805
-1.502500 0.003672
-1.487500 0.004677
-1.200000 0.001108
-1.182500 0.000564
-1.192500 0.000790
-1.187500 0.000656
-1.180000 0.000585
-1.445000 0.008113
-1.522500 0.002390
-1.512500 0.003385
-1.460000 0.007559
-1.525000 0.002564
-1.540000 0.001815
-1.492500 0.004831
-1.495000 0.004431
-1.482500 0.005221
-1.542500 0.001467
-1.545000 0.001303
-1.552500 0.001169
-1.590000 0.000390
-1.600000 0.000174
-1.567500 0.000872
-1.517500 0.002964
-1.550000 0.001323
-1.570000 0.000636
-1.145000 0.000174
-1.155000 0.000246
-1.170000 0.000431
-1.152500 0.000113
-1.167500 0.000236
-1.142500 0.000123
-1.165000 0.000277
-1.135000 0.000103
-1.562500 0.000933
-1.620000 0.000205
-1.547500 0.001497
-1.582500 0.000533
-1.560000 0.000882
-1.580000 0.000472
-1.535000 0.001949
-1.630000 0.000062
-1.557500 0.000882
-1.572500 0.000687
-1.565000 0.000697
-1.587500 0.000421
-1.627500 0.000082
-1.665000 0.000010
-1.612500 0.000103
-1.575000 0.000574
-1.577500 0.000626
-1.655000 0.000021
-1.597500 0.000226
-1.610000 0.000164
-1.157500 0.000205
-1.120000 0.000051
-1.162500 0.000297
-1.125000 0.000031
-1.130000 0.000051
-1.637500 0.000062
-1.625000 0.000092
-1.605000 0.000144
-1.592500 0.000349
-1.595000 0.000308
-1.652500 0.000031
-1.670000 0.000021
-1.602500 0.000246
-1.585000 0.000400
-1.140000 0.000103
-1.117500 0.000041
-1.107500 0.000010
-1.137500 0.000051
-1.650000 0.000031
-1.635000 0.000051
-1.615000 0.000062
-1.150000 0.000154
-1.132500 0.000062
-1.127500 0.000092
-1.147500 0.000133
-1.160000 0.000287
-1.607500 0.000185
-1.632500 0.000072
-1.082500 0.000010
-1.102500 0.000031
-1.075000 0.000010
-1.092500 0.000031
-1.072500 0.000021
-1.115000 0.000051
-1.062500 0.000010
-1.110000 0.000021
-1.105000 0.000021
-1.642500 0.000051
-1.675000 0.000010
-1.640000 0.000010
-1.647500 0.000010
-1.657500 0.000010
-1.645000 0.000041
-1.622500 0.000082
-1.087500 0.000010
-1.080000 0.000010
-1.112500 0.000021
-1.617500 0.000082
-1.122500 0.000041
-1.660000 0.000010
-1.690000 0.000010
0.000000 11331.593641
