-2800.000000 657
-2816.000000 461
-2704.000000 1950
-2696.000000 1861
-2668.000000 1882
-2700.000000 1970
-2712.000000 1893
-2732.000000 1724
-2760.000000 1310
-2748.000000 1455
-2752.000000 1437
-2740.000000 1601
-2756.000000 1344
-2772.000000 1100
-2716.000000 1865
-2664.000000 1854
-2708.000000 1963
-2648.000000 1753
-2780.000000 968
-2812.000000 531
-2764.000000 1234
-2736.000000 1696
-2724.000000 1796
-2728.000000 1759
-2684.000000 1996
-2652.000000 1733
-2580.000000 844
-2600.000000 1097
-2620.000000 1367
-2584.000000 833
-2540.000000 359
-2796.000000 710
-2836.000000 248
-2672.000000 1866
-2608.000000 1235
-2676.000000 1919
-2720.000000 1832
-2636.000000 1509
-2688.000000 1954
-2656.000000 1814
-2660.000000 1845
-2640.000000 1609
-2628.000000 1470
-2632.000000 1552
-2644.000000 1741
-2624.000000 1392
-2592.000000 993
-2548.000000 434
-2552.000000 456
-2568.000000 664
-2532.000000 320
-2544.000000 431
-2604.000000 1159
-2596.000000 1013
-2564.000000 654
-2572.000000 721
-2556.000000 536
-2536.000000 360
-2588.000000 908
-2500.000000 177
-2464.000000 67
-2692.000000 1939
-2508.000000 207
-2560.000000 562
-2612.000000 1249
-2616.000000 1289
-2576.000000 771
-2516.000000 226
-2512.000000 226
-2448.000000 44
-2680.000000 2018
-2528.000000 295
-2428.000000 19
-2828.000000 360
-2476.000000 71
-2860.000000 126
-2928.000000 4
-2876.000000 62
-2776.000000 1024
-2784.000000 939
-2804.000000 588
-2808.000000 587
-2744.000000 1580
-2872.000000 84
-2768.000000 1186
-2788.000000 830
-2488.000000 110
-2456.000000 41
-2520.000000 232
-2468.000000 75
-2472.000000 80
-2480.000000 90
-2452.000000 42
-2440.000000 43
-2492.000000 137
-2444.000000 26
-2420.000000 11
-2432.000000 24
-2400.000000 5
-2396.000000 16
-2460.000000 41
-2412.000000 12
-2496.000000 157
-2524.000000 277
-2900.000000 41
-2840.000000 263
-2856.000000 148
-2832.000000 305
-2868.000000 96
-2844.000000 199
-2820.000000 434
-2792.000000 793
-2824.000000 391
-2848.000000 192
-2888.000000 47
-2880.000000 78
-2504.000000 206
-2892.000000 40
-2904.000000 24
-2912.000000 13
-2864.000000 108
-2484.000000 99
-2424.000000 21
-2852.000000 156
-2896.000000 32
-2968.000000 1
-2436.000000 33
-2408.000000 10
-2884.000000 51
-2916.000000 22
-2940.000000 2
-2932.000000 13
-2956.000000 1
-2388.000000 5
-2908.000000 16
-2416.000000 14
-2380.000000 5
-2332.000000 2
-2356.000000 3
-2948.000000 4
-2920.000000 7
-2924.000000 4
-2936.000000 2
-2368.000000 4
-2392.000000 5
-2376.000000 1
-2360.000000 2
-2352.000000 2
-2404.000000 5
-2336.000000 1
-2384.000000 2
-2340.000000 1
-2324.000000 2
-2344.000000 1
-2952.000000 2
-2992.000000 1
-2972.000000 1
-2372.000000 1
-3012.000000 1
-2308.000000 1
0.000000 -1896333123
