-2540.000000 1548
-2632.000000 916
-2524.000000 1532
-2504.000000 1498
-2464.000000 1200
-2496.000000 1499
-2536.000000 1631
-2636.000000 910
-2688.000000 362
-2628.000000 992
-2648.000000 800
-2660.000000 640
-2708.000000 298
-2640.000000 818
-2672.000000 598
-2692.000000 370
-2620.000000 1133
-2664.000000 657
-2588.000000 1370
-2608.000000 1246
-2584.000000 1395
-2516.000000 1568
-2472.000000 1264
-2500.000000 1394
-2532.000000 1598
-2552.000000 1540
-2644.000000 792
-2576.000000 1480
-2612.000000 1161
-2564.000000 1524
-2468.000000 1247
-2360.000000 385
-2416.000000 776
-2412.000000 766
-2396.000000 617
-2512.000000 1525
-2560.000000 1523
-2548.000000 1642
-2668.000000 592
-2600.000000 1217
-2616.000000 1104
-2596.000000 1334
-2528.000000 1539
-2484.000000 1433
-2492.000000 1389
-2604.000000 1200
-2696.000000 338
-2656.000000 690
-2728.000000 167
-2684.000000 488
-2736.000000 131
-2716.000000 220
-2624.000000 1016
-2520.000000 1556
-2568.000000 1521
-2488.000000 1468
-2444.000000 1010
-2440.000000 1011
-2428.000000 917
-2328.000000 229
-2304.000000 148
-2392.000000 551
-2556.000000 1597
-2432.000000 954
-2376.000000 460
-2452.000000 1084
-2460.000000 1192
-2476.000000 1304
-2384.000000 519
-2424.000000 837
-2380.000000 522
-2352.000000 333
-2388.000000 559
-2296.000000 112
-2356.000000 365
-2544.000000 1574
-2508.000000 1479
-2480.000000 1350
-2580.000000 1500
-2456.000000 1117
-2420.000000 810
-2400.000000 678
-2368.000000 437
-2680.000000 432
-2572.000000 1466
-2340.000000 292
-2448.000000 1114
-2592.000000 1341
-2312.000000 182
-2436.000000 986
-2372.000000 433
-2676.000000 453
-2324.000000 229
-2292.000000 124
-2300.000000 140
-2276.000000 100
-2232.000000 40
-2284.000000 102
-2228.000000 47
-2212.000000 33
-2192.000000 20
-2264.000000 63
-2344.000000 282
-2348.000000 311
-2408.000000 725
-2364.000000 415
-2336.000000 281
-2404.000000 687
-2724.000000 191
-2652.000000 742
-2744.000000 103
-2704.000000 266
-2780.000000 34
-2740.000000 121
-2768.000000 49
-2824.000000 6
-2712.000000 237
-2332.000000 221
-2700.000000 309
-2320.000000 211
-2756.000000 61
-2748.000000 110
-2792.000000 15
-2760.000000 72
-2788.000000 22
-2820.000000 10
-2836.000000 3
-2752.000000 93
-2732.000000 155
-2308.000000 172
-2220.000000 28
-2248.000000 40
-2316.000000 185
-2244.000000 50
-2200.000000 15
-2260.000000 70
-2252.000000 45
-2280.000000 92
-2764.000000 50
-2288.000000 147
-2784.000000 32
-2208.000000 29
-2720.000000 192
-2256.000000 68
-2268.000000 75
-2240.000000 47
-2796.000000 16
-2776.000000 25
-2816.000000 9
-2176.000000 6
-2272.000000 75
-2236.000000 49
-2812.000000 7
-2840.000000 2
-2852.000000 1
-2800.000000 20
-2804.000000 7
-2216.000000 47
-2808.000000 11
-2832.000000 4
-2772.000000 40
-2196.000000 13
-2168.000000 5
-2204.000000 13
-2128.000000 6
-2184.000000 6
-2144.000000 10
-2224.000000 33
-2140.000000 4
-2172.000000 10
-2160.000000 10
-2188.000000 15
-2164.000000 15
-2104.000000 5
-2084.000000 4
-2136.000000 7
-2080.000000 4
-2108.000000 7
-2152.000000 9
-2180.000000 16
-2048.000000 1
-2044.000000 3
-2092.000000 1
-2124.000000 4
-2156.000000 6
-2132.000000 6
-2828.000000 6
-2068.000000 1
-2148.000000 9
-2072.000000 1
-2060.000000 1
-2076.000000 3
-2052.000000 2
-2012.000000 1
-2088.000000 2
-2008.000000 1
-2116.000000 1
-2096.000000 1
-2904.000000 1
-2844.000000 2
-2120.000000 1
-2064.000000 1
-2036.000000 1
-2100.000000 1
0.000000 -1896333123
