-2476.000000 1419
-2544.000000 1311
-2448.000000 1352
-2436.000000 1220
-2456.000000 1440
-2472.000000 1483
-2520.000000 1503
-2604.000000 833
-2732.000000 59
-2672.000000 310
-2668.000000 310
-2660.000000 347
-2704.000000 167
-2708.000000 119
-2608.000000 790
-2680.000000 277
-2656.000000 390
-2612.000000 812
-2652.000000 478
-2576.000000 1110
-2560.000000 1252
-2592.000000 956
-2632.000000 608
-2536.000000 1382
-2484.000000 1535
-2512.000000 1514
-2532.000000 1470
-2548.000000 1347
-2600.000000 889
-2692.000000 190
-2628.000000 645
-2636.000000 559
-2480.000000 1482
-2392.000000 940
-2420.000000 1123
-2528.000000 1464
-2400.000000 1013
-2380.000000 811
-2540.000000 1405
-2568.000000 1206
-2644.000000 467
-2584.000000 1071
-2496.000000 1454
-2432.000000 1217
-2428.000000 1308
-2516.000000 1499
-2508.000000 1541
-2564.000000 1228
-2648.000000 466
-2664.000000 307
-2596.000000 909
-2552.000000 1247
-2460.000000 1383
-2464.000000 1373
-2488.000000 1499
-2492.000000 1538
-2440.000000 1324
-2468.000000 1446
-2312.000000 371
-2296.000000 275
-2376.000000 802
-2444.000000 1329
-2504.000000 1536
-2500.000000 1508
-2384.000000 893
-2336.000000 470
-2244.000000 120
-2276.000000 178
-2356.000000 611
-2360.000000 627
-2452.000000 1389
-2404.000000 1012
-2324.000000 414
-2424.000000 1203
-2556.000000 1286
-2524.000000 1529
-2388.000000 866
-2344.000000 576
-2352.000000 599
-2292.000000 255
-2624.000000 736
-2588.000000 1015
-2308.000000 317
-2408.000000 1074
-2348.000000 577
-2328.000000 454
-2412.000000 1059
-2372.000000 749
-2416.000000 1093
-2396.000000 918
-2640.000000 498
-2288.000000 214
-2316.000000 380
-2272.000000 187
-2368.000000 690
-2332.000000 457
-2364.000000 691
-2248.000000 131
-2264.000000 185
-2340.000000 541
-2208.000000 54
-2260.000000 138
-2196.000000 46
-2284.000000 213
-2300.000000 313
-2572.000000 1227
-2268.000000 196
-2280.000000 203
-2252.000000 111
-2188.000000 44
-2180.000000 28
-2256.000000 122
-2320.000000 403
-2228.000000 85
-2224.000000 68
-2304.000000 300
-2620.000000 677
-2616.000000 759
-2720.000000 96
-2700.000000 145
-2740.000000 41
-2716.000000 88
-2580.000000 1090
-2676.000000 255
-2696.000000 166
-2684.000000 199
-2744.000000 42
-2792.000000 7
-2688.000000 217
-2712.000000 112
-2760.000000 32
-2808.000000 6
-2836.000000 1
-2736.000000 58
-2780.000000 10
-2796.000000 6
-2756.000000 45
-2724.000000 78
-2240.000000 98
-2216.000000 60
-2220.000000 65
-2108.000000 6
-2168.000000 29
-2140.000000 14
-2748.000000 39
-2728.000000 78
-2184.000000 32
-2200.000000 34
-2172.000000 25
-2148.000000 15
-2752.000000 38
-2164.000000 24
-2232.000000 74
-2144.000000 13
-2204.000000 42
-2768.000000 24
-2152.000000 15
-2192.000000 40
-2236.000000 93
-2176.000000 37
-2064.000000 1
-2124.000000 9
-2212.000000 61
-2068.000000 4
-2100.000000 6
-2788.000000 8
-2832.000000 2
-2820.000000 2
-2764.000000 26
-2772.000000 11
-2784.000000 5
-2776.000000 10
-2800.000000 5
-2812.000000 2
-2160.000000 17
-2120.000000 9
-2824.000000 3
-2132.000000 12
-2136.000000 15
-2156.000000 20
-2116.000000 7
-2072.000000 2
-2128.000000 12
-2076.000000 8
-2080.000000 4
-2060.000000 4
-2036.000000 4
-2096.000000 6
-2088.000000 6
-2048.000000 1
-2104.000000 4
-1992.000000 2
-2804.000000 3
-2828.000000 2
-2112.000000 4
-2856.000000 1
-2056.000000 5
-2016.000000 1
-2084.000000 2
-2092.000000 2
-2816.000000 1
-2028.000000 2
-2044.000000 1
0.000000 -1896333123
