-14820.000000 382
-15292.000000 368
-15200.000000 461
-15256.000000 376
-15288.000000 378
-15468.000000 160
-15240.000000 404
-15336.000000 326
-15420.000000 214
-15376.000000 241
-15456.000000 173
-15248.000000 405
-15160.000000 496
-15180.000000 500
-15436.000000 202
-15444.000000 177
-15312.000000 336
-15320.000000 322
-15348.000000 289
-15476.000000 150
-15112.000000 536
-15236.000000 399
-15116.000000 530
-15252.000000 398
-14864.000000 480
-15192.000000 530
-15132.000000 506
-15156.000000 530
-15400.000000 223
-15528.000000 134
-15280.000000 357
-15448.000000 202
-15484.000000 137
-15216.000000 461
-15332.000000 295
-15324.000000 315
-15340.000000 282
-15428.000000 213
-15488.000000 142
-15408.000000 225
-15404.000000 241
-15620.000000 62
-15260.000000 396
-15032.000000 567
-15104.000000 563
-15168.000000 527
-15196.000000 482
-14952.000000 525
-15028.000000 563
-15100.000000 553
-14916.000000 494
-15040.000000 566
-14980.000000 528
-15232.000000 442
-15092.000000 549
-15148.000000 476
-15228.000000 412
-14996.000000 525
-15004.000000 544
-14960.000000 546
-15052.000000 513
-14764.000000 363
-14924.000000 541
-14708.000000 285
-14928.000000 501
-14936.000000 503
-14652.000000 225
-14788.000000 372
-14808.000000 373
-14880.000000 448
-14784.000000 355
-14656.000000 226
-14732.000000 330
-14884.000000 503
-14908.000000 497
-14828.000000 400
-14840.000000 454
-14684.000000 237
-14632.000000 210
-14660.000000 214
-14776.000000 360
-14888.000000 462
-14836.000000 424
-14588.000000 162
-14868.000000 493
-14860.000000 468
-14844.000000 481
-14736.000000 327
-15384.000000 256
-15272.000000 392
-15380.000000 265
-15064.000000 573
-15096.000000 510
-15308.000000 336
-15012.000000 548
-15072.000000 561
-15184.000000 505
-15300.000000 344
-15188.000000 474
-15024.000000 591
-14944.000000 557
-14700.000000 286
-14616.000000 193
-14488.000000 98
-14688.000000 276
-15048.000000 508
-15120.000000 531
-15176.000000 473
-15084.000000 549
-15212.000000 412
-15440.000000 187
-15608.000000 62
-15564.000000 77
-15624.000000 64
-15508.000000 129
-15224.000000 423
-15264.000000 416
-15364.000000 242
-15548.000000 105
-15316.000000 325
-15328.000000 292
-15604.000000 61
-15452.000000 184
-15568.000000 84
-15464.000000 160
-14940.000000 503
-14948.000000 551
-15056.000000 551
-15128.000000 514
-15172.000000 485
-15368.000000 269
-15540.000000 97
-15532.000000 88
-15660.000000 43
-15616.000000 47
-15768.000000 11
-15948.000000 3
-15552.000000 94
-15352.000000 301
-15136.000000 502
-15144.000000 498
-15356.000000 270
-15492.000000 151
-15612.000000 51
-15648.000000 49
-15344.000000 271
-15392.000000 248
-15412.000000 233
-15516.000000 128
-15696.000000 33
-15472.000000 160
-15496.000000 129
-15576.000000 68
-14768.000000 348
-15008.000000 543
-15220.000000 457
-15752.000000 15
-15720.000000 21
-15560.000000 86
-15704.000000 29
-15396.000000 224
-15756.000000 19
-15596.000000 73
-14876.000000 505
-15016.000000 521
-15244.000000 418
-15304.000000 327
-15124.000000 546
-15512.000000 125
-15600.000000 46
-15816.000000 11
-15844.000000 10
-15780.000000 16
-15744.000000 22
-15632.000000 45
-15572.000000 75
-15668.000000 33
-15636.000000 41
-15068.000000 562
-14956.000000 493
-15424.000000 199
-15140.000000 502
-14824.000000 392
-14872.000000 492
-14932.000000 503
-14912.000000 494
-15460.000000 173
-15296.000000 374
-15480.000000 133
-15500.000000 121
-15592.000000 62
-15520.000000 110
-15584.000000 76
-15556.000000 82
-15804.000000 4
-15724.000000 21
-15856.000000 6
-15884.000000 5
-15836.000000 5
-15544.000000 83
-15504.000000 122
-15536.000000 108
-15716.000000 26
-15432.000000 199
-15164.000000 488
-15360.000000 295
-15284.000000 368
-15080.000000 558
-15076.000000 544
-15036.000000 556
-15276.000000 418
-15020.000000 568
-15088.000000 552
-15812.000000 6
-15748.000000 23
-15860.000000 5
-15652.000000 50
-15772.000000 13
-14988.000000 529
-15372.000000 270
-14648.000000 228
-15664.000000 28
-14896.000000 477
-14984.000000 556
-14692.000000 249
-14772.000000 352
-14740.000000 314
-14608.000000 177
-14724.000000 351
-14816.000000 397
-14904.000000 483
-15060.000000 544
-14544.000000 137
-14556.000000 155
-14580.000000 159
-14612.000000 184
-14992.000000 539
-14744.000000 359
-14540.000000 107
-14856.000000 473
-14852.000000 439
-14972.000000 545
-14644.000000 237
-14752.000000 364
-14640.000000 210
-14900.000000 493
-15044.000000 597
-14668.000000 223
-15108.000000 523
-14796.000000 387
-14964.000000 508
-14704.000000 282
-14968.000000 523
-14848.000000 439
-14804.000000 425
-14976.000000 514
-15268.000000 393
-14680.000000 252
-14636.000000 219
-14480.000000 99
-14664.000000 236
-15204.000000 437
-14712.000000 277
-15208.000000 482
-14812.000000 439
-14792.000000 375
-15152.000000 550
-14892.000000 464
-14696.000000 296
-14780.000000 413
-14336.000000 40
-15000.000000 527
-14516.000000 107
-14832.000000 438
-14676.000000 261
-14672.000000 259
-14760.000000 342
-14800.000000 422
-15416.000000 237
-14920.000000 476
-14720.000000 324
-14716.000000 301
-14416.000000 56
-14484.000000 98
-14324.000000 27
-14748.000000 346
-15588.000000 76
-15644.000000 37
-15700.000000 24
-14728.000000 314
-14600.000000 169
-15388.000000 229
-14500.000000 105
-14528.000000 119
-14564.000000 144
-14536.000000 139
-14172.000000 7
-14116.000000 7
-14508.000000 101
-14496.000000 99
-14468.000000 78
-14628.000000 195
-14584.000000 169
-14596.000000 170
-14756.000000 361
-14620.000000 179
-14400.000000 69
-14444.000000 80
-14504.000000 87
-14532.000000 127
-14356.000000 27
-14292.000000 21
-14160.000000 11
-14240.000000 10
-14376.000000 28
-14576.000000 159
-14428.000000 68
-14420.000000 56
-14560.000000 124
-14552.000000 141
-14272.000000 22
-14264.000000 13
-14132.000000 7
-14368.000000 39
-14340.000000 34
-14476.000000 86
-14592.000000 170
-15580.000000 63
-15692.000000 35
-15656.000000 40
-14604.000000 159
-15740.000000 21
-15684.000000 25
-15800.000000 6
-15524.000000 111
-15828.000000 13
-15820.000000 11
-14568.000000 165
-14180.000000 10
-14284.000000 22
-14424.000000 57
-14520.000000 117
-14512.000000 96
-14464.000000 60
-15776.000000 11
-15784.000000 8
-14388.000000 51
-14524.000000 122
-14344.000000 33
-14492.000000 91
-14432.000000 68
-14348.000000 39
-14460.000000 85
-14548.000000 127
-14384.000000 40
-14452.000000 73
-14448.000000 69
-14624.000000 197
-14572.000000 158
-15764.000000 12
-14436.000000 70
-14372.000000 40
-14440.000000 66
-14232.000000 12
-14228.000000 18
-14192.000000 11
-14288.000000 19
-14360.000000 40
-14128.000000 4
-14308.000000 27
-14060.000000 3
-14064.000000 4
-14296.000000 27
-14216.000000 12
-14312.000000 24
-14268.000000 18
-14248.000000 19
-14328.000000 34
-14204.000000 14
-14220.000000 13
-14068.000000 1
-14396.000000 61
-14236.000000 16
-14152.000000 11
-14364.000000 47
-14224.000000 11
-14304.000000 25
-14408.000000 53
-14084.000000 4
-14124.000000 5
-14256.000000 15
-14028.000000 2
-14276.000000 21
-14412.000000 53
-14244.000000 20
-15676.000000 33
-15760.000000 13
-15688.000000 31
-15868.000000 4
-15628.000000 47
-15732.000000 18
-14472.000000 79
-14404.000000 55
-14352.000000 37
-14212.000000 6
-14320.000000 26
-14260.000000 12
-15872.000000 5
-15936.000000 1
-15736.000000 15
-14456.000000 83
-14300.000000 21
-14188.000000 5
-14024.000000 3
-13940.000000 1
-14200.000000 12
-14392.000000 42
-15708.000000 32
-15876.000000 4
-14096.000000 1
-14100.000000 5
-14176.000000 7
-15680.000000 26
-15792.000000 11
-15900.000000 3
-15904.000000 2
-14380.000000 37
-15712.000000 27
-14208.000000 14
-15640.000000 43
-15728.000000 14
-15672.000000 32
-15788.000000 16
-15824.000000 5
-15832.000000 10
-15848.000000 5
-15920.000000 2
-14316.000000 24
-15840.000000 10
-15952.000000 2
-15864.000000 2
-15796.000000 10
-14148.000000 6
-15916.000000 5
-14332.000000 26
-14164.000000 9
-14120.000000 4
-14008.000000 4
-14184.000000 13
-13856.000000 1
-13944.000000 2
-13888.000000 1
-14144.000000 4
-14252.000000 13
-14112.000000 4
-14196.000000 13
-14156.000000 11
-14076.000000 4
-14280.000000 19
-14168.000000 5
-14072.000000 1
-13868.000000 1
-13892.000000 1
-14080.000000 3
-13988.000000 1
-14044.000000 2
-14020.000000 4
-16044.000000 1
-15932.000000 2
-15912.000000 2
-16016.000000 1
-15852.000000 3
-14056.000000 2
-14140.000000 5
-14016.000000 1
-14048.000000 1
-14104.000000 2
-14036.000000 1
-14136.000000 4
-13984.000000 2
-14108.000000 3
-13900.000000 1
-14000.000000 2
-13968.000000 1
-14040.000000 3
-14092.000000 2
-15808.000000 1
-15960.000000 1
-15972.000000 2
-15928.000000 2
-13976.000000 1
-16000.000000 1
-16048.000000 2
-15964.000000 3
-15880.000000 3
-15892.000000 2
-14052.000000 1
-14012.000000 1
-15896.000000 3
-16056.000000 1
-13972.000000 1
-15944.000000 2
-13996.000000 2
-16012.000000 1
-16100.000000 1
-15888.000000 1
-13936.000000 1
-14088.000000 2
-13864.000000 1
-13952.000000 1
-15988.000000 1
-15992.000000 1
0.000000 1012157866
