-2564.000000 1626
-2644.000000 1093
-2524.000000 1484
-2504.000000 1423
-2464.000000 1039
-2508.000000 1416
-2544.000000 1656
-2640.000000 1062
-2696.000000 496
-2652.000000 924
-2676.000000 673
-2668.000000 724
-2688.000000 569
-2716.000000 332
-2700.000000 468
-2624.000000 1207
-2584.000000 1470
-2604.000000 1411
-2592.000000 1492
-2632.000000 1108
-2480.000000 1143
-2532.000000 1510
-2568.000000 1559
-2628.000000 1202
-2712.000000 375
-2664.000000 779
-2672.000000 722
-2616.000000 1324
-2540.000000 1611
-2456.000000 1029
-2488.000000 1249
-2460.000000 992
-2588.000000 1571
-2608.000000 1403
-2728.000000 252
-2764.000000 73
-2724.000000 253
-2704.000000 417
-2600.000000 1460
-2620.000000 1281
-2572.000000 1575
-2612.000000 1314
-2556.000000 1584
-2492.000000 1280
-2552.000000 1702
-2548.000000 1601
-2656.000000 913
-2692.000000 521
-2736.000000 231
-2720.000000 288
-2528.000000 1581
-2660.000000 880
-2580.000000 1550
-2500.000000 1367
-2476.000000 1151
-2516.000000 1415
-2520.000000 1543
-2452.000000 946
-2428.000000 734
-2448.000000 854
-2344.000000 214
-2336.000000 217
-2436.000000 788
-2468.000000 1048
-2560.000000 1650
-2396.000000 476
-2416.000000 587
-2444.000000 861
-2512.000000 1428
-2496.000000 1309
-2432.000000 764
-2420.000000 637
-2392.000000 436
-2340.000000 217
-2312.000000 118
-2380.000000 382
-2440.000000 827
-2408.000000 563
-2388.000000 421
-2536.000000 1618
-2636.000000 1103
-2472.000000 1057
-2484.000000 1231
-2424.000000 684
-2404.000000 498
-2368.000000 315
-2384.000000 397
-2576.000000 1563
-2324.000000 140
-2684.000000 604
-2596.000000 1490
-2412.000000 585
-2680.000000 649
-2648.000000 977
-2708.000000 377
-2400.000000 480
-2356.000000 272
-2360.000000 243
-2332.000000 167
-2348.000000 244
-2364.000000 285
-2304.000000 113
-2280.000000 70
-2284.000000 77
-2300.000000 113
-2744.000000 184
-2352.000000 268
-2376.000000 385
-2776.000000 55
-2372.000000 355
-2756.000000 113
-2792.000000 31
-2844.000000 6
-2732.000000 192
-2748.000000 144
-2784.000000 46
-2760.000000 97
-2796.000000 36
-2800.000000 36
-2768.000000 86
-2740.000000 148
-2752.000000 122
-2780.000000 40
-2320.000000 162
-2264.000000 48
-2316.000000 136
-2296.000000 87
-2820.000000 11
-2772.000000 57
-2292.000000 80
-2328.000000 150
-2288.000000 80
-2308.000000 130
-2824.000000 10
-2812.000000 16
-2244.000000 39
-2196.000000 18
-2260.000000 46
-2232.000000 37
-2220.000000 29
-2272.000000 49
-2276.000000 59
-2880.000000 1
-2864.000000 1
-2804.000000 16
-2788.000000 40
-2816.000000 18
-2832.000000 7
-2828.000000 8
-2808.000000 17
-2840.000000 9
-2836.000000 9
-2236.000000 33
-2188.000000 13
-2252.000000 46
-2248.000000 37
-2240.000000 31
-2268.000000 58
-2180.000000 15
-2256.000000 41
-2208.000000 27
-2148.000000 9
-2228.000000 21
-2200.000000 24
-2216.000000 26
-2164.000000 10
-2184.000000 14
-2136.000000 9
-2192.000000 17
-2132.000000 4
-2168.000000 11
-2060.000000 1
-2100.000000 3
-2108.000000 3
-2176.000000 16
-2120.000000 3
-2144.000000 4
-2128.000000 1
-2204.000000 19
-2224.000000 30
-2140.000000 4
-2212.000000 15
-2156.000000 8
-2848.000000 2
-2856.000000 1
-2088.000000 1
-2160.000000 4
-2172.000000 5
-2152.000000 2
-2924.000000 1
-2860.000000 1
-2852.000000 1
-2036.000000 1
-2116.000000 1
-2124.000000 3
-2104.000000 1
-2016.000000 1
-2012.000000 1
-1968.000000 2
-2000.000000 1
-2096.000000 1
-2884.000000 1
0.000000 -1896333123
