-17068.000000 573
-17252.000000 897
-17260.000000 865
-17372.000000 677
-17416.000000 538
-17444.000000 459
-17340.000000 720
-17232.000000 834
-17432.000000 479
-17368.000000 689
-17304.000000 793
-17188.000000 839
-17156.000000 810
-17092.000000 600
-17292.000000 824
-17412.000000 527
-17504.000000 290
-17492.000000 326
-17592.000000 96
-17332.000000 668
-17296.000000 806
-17364.000000 657
-17268.000000 893
-17136.000000 752
-17084.000000 622
-17048.000000 505
-17200.000000 858
-17060.000000 575
-17316.000000 867
-17208.000000 807
-17140.000000 794
-17072.000000 533
-17300.000000 855
-17388.000000 593
-17396.000000 592
-17380.000000 619
-17148.000000 760
-17264.000000 822
-17456.000000 395
-17480.000000 338
-17272.000000 837
-17356.000000 682
-17620.000000 85
-17560.000000 160
-17424.000000 506
-17488.000000 326
-17212.000000 818
-17124.000000 704
-17164.000000 803
-17132.000000 729
-17192.000000 842
-17344.000000 739
-17204.000000 855
-17312.000000 809
-17080.000000 572
-17120.000000 656
-17168.000000 836
-17112.000000 701
-17016.000000 404
-17012.000000 368
-17128.000000 742
-17044.000000 484
-17196.000000 830
-17088.000000 638
-17104.000000 651
-17176.000000 806
-17008.000000 379
-17100.000000 621
-17172.000000 838
-17236.000000 909
-17336.000000 770
-17040.000000 477
-16952.000000 251
-17076.000000 569
-16860.000000 118
-16764.000000 28
-17360.000000 709
-17280.000000 830
-17180.000000 838
-17184.000000 772
-17004.000000 392
-17056.000000 502
-17228.000000 906
-17144.000000 720
-16908.000000 181
-16800.000000 45
-16972.000000 346
-17116.000000 680
-17000.000000 368
-17052.000000 542
-16844.000000 89
-16808.000000 62
-16988.000000 338
-16772.000000 34
-16696.000000 10
-16896.000000 166
-16932.000000 236
-16984.000000 322
-16916.000000 204
-16948.000000 251
-17028.000000 390
-16776.000000 36
-17020.000000 411
-16936.000000 243
-17216.000000 905
-17308.000000 814
-17324.000000 782
-16892.000000 151
-17064.000000 560
-17152.000000 752
-17244.000000 860
-17240.000000 881
-17108.000000 674
-17220.000000 855
-17580.000000 141
-17512.000000 290
-17604.000000 104
-17464.000000 382
-17564.000000 145
-17404.000000 523
-17708.000000 22
-17688.000000 36
-17448.000000 418
-17436.000000 457
-17440.000000 422
-17408.000000 594
-17524.000000 214
-17328.000000 764
-17352.000000 725
-17496.000000 300
-17500.000000 288
-17728.000000 15
-17552.000000 184
-17568.000000 144
-17548.000000 169
-17468.000000 395
-17596.000000 91
-17032.000000 427
-16964.000000 306
-17284.000000 859
-17036.000000 467
-17224.000000 836
-17276.000000 798
-17484.000000 317
-17428.000000 489
-17540.000000 183
-17392.000000 574
-16956.000000 272
-16980.000000 323
-16928.000000 211
-17160.000000 827
-17384.000000 597
-16888.000000 136
-17452.000000 389
-17544.000000 166
-17348.000000 686
-16944.000000 249
-16920.000000 209
-17536.000000 194
-17584.000000 118
-17668.000000 51
-17608.000000 102
-17460.000000 351
-17532.000000 225
-17600.000000 101
-16968.000000 312
-17528.000000 189
-16940.000000 234
-16824.000000 93
-16912.000000 194
-16812.000000 61
-16924.000000 222
-17400.000000 520
-17256.000000 895
-17288.000000 783
-17320.000000 786
-17420.000000 497
-17516.000000 241
-17376.000000 596
-17248.000000 888
-17612.000000 92
-17576.000000 143
-17624.000000 62
-17476.000000 333
-17096.000000 684
-17756.000000 11
-17024.000000 443
-16900.000000 164
-16792.000000 54
-16836.000000 90
-16852.000000 100
-16868.000000 115
-16872.000000 129
-16856.000000 93
-16740.000000 26
-17652.000000 61
-17664.000000 37
-17572.000000 137
-16992.000000 324
-16904.000000 195
-17764.000000 8
-17748.000000 13
-16976.000000 298
-17616.000000 72
-17472.000000 340
-17656.000000 45
-17672.000000 46
-17736.000000 19
-17508.000000 286
-16788.000000 53
-17644.000000 56
-16996.000000 397
-16884.000000 158
-16780.000000 53
-16828.000000 75
-16804.000000 53
-16876.000000 118
-16820.000000 77
-16684.000000 10
-16840.000000 89
-16960.000000 282
-16768.000000 28
-16816.000000 54
-16756.000000 23
-16880.000000 135
-16672.000000 7
-16744.000000 25
-16748.000000 36
-16832.000000 68
-16796.000000 52
-16864.000000 106
-16848.000000 92
-16716.000000 14
-16784.000000 42
-17588.000000 112
-17520.000000 220
-17752.000000 15
-17556.000000 136
-16704.000000 9
-16728.000000 31
-16760.000000 38
-16616.000000 2
-17636.000000 55
-16676.000000 11
-17840.000000 1
-17704.000000 19
-17832.000000 3
-17660.000000 52
-17628.000000 69
-17696.000000 29
-17632.000000 70
-17640.000000 66
-17648.000000 52
-17732.000000 26
-17804.000000 6
-16752.000000 31
-17684.000000 27
-16712.000000 15
-17692.000000 27
-17720.000000 16
-16708.000000 16
-16732.000000 21
-16720.000000 12
-16604.000000 3
-17680.000000 23
-16736.000000 23
-16660.000000 8
-16640.000000 3
-17716.000000 18
-17780.000000 7
-17788.000000 5
-17784.000000 6
-17676.000000 34
-17772.000000 4
-17712.000000 19
-17888.000000 1
-16600.000000 4
-16692.000000 7
-17740.000000 16
-16636.000000 3
-16668.000000 4
-16688.000000 3
-17808.000000 5
-16700.000000 15
-17700.000000 30
-17820.000000 2
-16500.000000 1
-16524.000000 3
-17768.000000 3
-17760.000000 12
-17776.000000 7
-16528.000000 3
-16572.000000 2
-16648.000000 11
-16488.000000 1
-16512.000000 1
-16584.000000 1
-16724.000000 15
-17724.000000 10
-16680.000000 13
-17868.000000 1
-16592.000000 2
-16656.000000 6
-16384.000000 1
-16368.000000 1
-16460.000000 2
-16596.000000 3
-17852.000000 3
-16632.000000 5
-16520.000000 1
-17848.000000 4
-16664.000000 4
-16620.000000 4
-16652.000000 7
-17800.000000 8
-16644.000000 6
-16576.000000 1
-17792.000000 5
-17816.000000 4
-17876.000000 1
-16628.000000 3
-16612.000000 2
-16540.000000 1
-17824.000000 3
-17744.000000 8
-17796.000000 2
-16544.000000 1
-17880.000000 2
-17900.000000 1
-17924.000000 1
-17864.000000 1
-17844.000000 3
-17856.000000 1
-16568.000000 2
-16564.000000 2
-17908.000000 1
-16608.000000 3
-17836.000000 1
-17828.000000 2
-16552.000000 1
-17972.000000 1
-17812.000000 1
-16580.000000 2
-17872.000000 1
-16560.000000 1
-16588.000000 2
-17932.000000 1
-17860.000000 1
-16556.000000 1
0.000000 1012157866
