-14404.000000 471
-14804.000000 290
-14864.000000 190
-14908.000000 199
-14948.000000 166
-15092.000000 80
-14896.000000 202
-14936.000000 174
-15032.000000 120
-14996.000000 123
-15048.000000 87
-14860.000000 252
-14744.000000 310
-14700.000000 387
-14848.000000 251
-14888.000000 193
-14904.000000 210
-14920.000000 150
-14688.000000 372
-14796.000000 313
-14680.000000 412
-14500.000000 475
-14504.000000 444
-14428.000000 467
-14368.000000 440
-14352.000000 437
-14360.000000 457
-14188.000000 321
-14380.000000 466
-14476.000000 486
-14584.000000 406
-14868.000000 221
-14576.000000 463
-14648.000000 425
-14788.000000 316
-14388.000000 449
-14588.000000 420
-14764.000000 321
-14556.000000 454
-14664.000000 393
-14612.000000 419
-14520.000000 474
-14720.000000 345
-14484.000000 462
-14464.000000 452
-14396.000000 445
-14516.000000 500
-14328.000000 436
-14508.000000 460
-14336.000000 464
-14264.000000 412
-14408.000000 495
-14564.000000 494
-14324.000000 429
-14460.000000 507
-14292.000000 417
-14364.000000 405
-14400.000000 467
-14332.000000 431
-14296.000000 416
-14144.000000 281
-14252.000000 384
-14192.000000 352
-14184.000000 311
-14172.000000 289
-14312.000000 399
-14056.000000 234
-13932.000000 142
-13980.000000 171
-14084.000000 230
-14060.000000 215
-14116.000000 251
-14044.000000 225
-13924.000000 128
-14100.000000 267
-13768.000000 52
-13840.000000 77
-13948.000000 137
-13972.000000 162
-14120.000000 283
-14048.000000 221
-13760.000000 50
-13952.000000 147
-13832.000000 65
-14012.000000 176
-13828.000000 84
-14148.000000 322
-14540.000000 469
-14424.000000 469
-14432.000000 448
-14224.000000 380
-14308.000000 394
-14320.000000 418
-14344.000000 447
-14160.000000 308
-13988.000000 154
-14392.000000 502
-14384.000000 466
-14096.000000 249
-13812.000000 80
-13732.000000 47
-14068.000000 241
-14420.000000 428
-14272.000000 379
-14216.000000 343
-14548.000000 447
-14472.000000 484
-14536.000000 477
-14568.000000 461
-14580.000000 461
-14316.000000 421
-14728.000000 351
-14544.000000 464
-14496.000000 509
-14468.000000 458
-14592.000000 470
-14716.000000 339
-14724.000000 370
-14856.000000 237
-14672.000000 418
-14636.000000 447
-14492.000000 509
-14196.000000 348
-14168.000000 306
-14372.000000 445
-14608.000000 403
-14436.000000 516
-14660.000000 427
-14940.000000 155
-14964.000000 153
-14816.000000 304
-14756.000000 327
-14928.000000 176
-15016.000000 106
-14844.000000 261
-15020.000000 111
-15228.000000 22
-14684.000000 390
-14752.000000 308
-14480.000000 440
-14712.000000 360
-14784.000000 335
-14692.000000 363
-14488.000000 450
-14524.000000 474
-14876.000000 220
-14960.000000 133
-14708.000000 381
-14736.000000 340
-14992.000000 136
-15124.000000 65
-14880.000000 188
-14732.000000 362
-14220.000000 355
-14064.000000 209
-14128.000000 282
-14104.000000 262
-14112.000000 253
-14208.000000 296
-14412.000000 433
-14036.000000 208
-14356.000000 492
-14532.000000 488
-14852.000000 235
-14768.000000 313
-14572.000000 494
-14740.000000 332
-14772.000000 309
-14916.000000 187
-14760.000000 328
-14416.000000 463
-14456.000000 459
-14260.000000 393
-14552.000000 463
-14628.000000 430
-14440.000000 500
-14828.000000 264
-14800.000000 291
-14452.000000 435
-14348.000000 428
-14268.000000 403
-14280.000000 400
-14228.000000 365
-14020.000000 165
-14032.000000 212
-13956.000000 149
-14176.000000 279
-14008.000000 188
-14448.000000 482
-14528.000000 480
-14632.000000 414
-15004.000000 113
-14912.000000 187
-14600.000000 413
-14620.000000 402
-14676.000000 377
-14776.000000 320
-14624.000000 436
-14748.000000 312
-14596.000000 461
-14808.000000 262
-14972.000000 143
-15008.000000 118
-14832.000000 260
-14444.000000 469
-14704.000000 387
-14812.000000 297
-14652.000000 400
-14668.000000 418
-14164.000000 338
-14300.000000 409
-14040.000000 195
-14244.000000 375
-14204.000000 355
-14376.000000 420
-14240.000000 375
-14232.000000 365
-14872.000000 230
-14984.000000 132
-15144.000000 46
-14976.000000 151
-13940.000000 141
-13960.000000 131
-14080.000000 224
-13996.000000 172
-13912.000000 118
-14088.000000 240
-14136.000000 281
-13872.000000 102
-14004.000000 148
-13852.000000 83
-14072.000000 238
-14340.000000 412
-14288.000000 410
-14248.000000 376
-13908.000000 121
-14156.000000 277
-14200.000000 310
-14108.000000 228
-13976.000000 173
-14140.000000 306
-14236.000000 383
-14212.000000 347
-13920.000000 132
-14024.000000 191
-14276.000000 409
-14284.000000 402
-14656.000000 437
-14944.000000 169
-15036.000000 102
-15056.000000 76
-14780.000000 310
-15084.000000 47
-15052.000000 91
-14792.000000 264
-14640.000000 425
-14840.000000 290
-14132.000000 296
-14124.000000 265
-14512.000000 496
-14616.000000 467
-14644.000000 423
-14152.000000 298
-13884.000000 81
-13944.000000 134
-13892.000000 118
-13936.000000 154
-14092.000000 223
-13904.000000 108
-13816.000000 79
-14076.000000 232
-14820.000000 251
-14604.000000 415
-14560.000000 480
-15108.000000 68
-15140.000000 55
-15000.000000 123
-14956.000000 146
-15024.000000 112
-15076.000000 59
-15180.000000 30
-14968.000000 147
-15028.000000 108
-15104.000000 67
-15116.000000 68
-15064.000000 70
-15080.000000 78
-15168.000000 38
-15292.000000 17
-15364.000000 9
-15148.000000 49
-15040.000000 80
-15132.000000 60
-15164.000000 45
-14924.000000 192
-14952.000000 144
-15012.000000 106
-14932.000000 164
-14696.000000 381
-14016.000000 181
-13964.000000 156
-14884.000000 206
-14052.000000 218
-13752.000000 55
-14256.000000 388
-14304.000000 418
-14824.000000 272
-14180.000000 316
-14988.000000 139
-14900.000000 213
-14836.000000 239
-13868.000000 85
-13772.000000 53
-14000.000000 202
-15060.000000 83
-15160.000000 32
-15244.000000 20
-15156.000000 48
-15068.000000 85
-14892.000000 209
-15280.000000 18
-15192.000000 39
-15136.000000 62
-15096.000000 63
-15460.000000 4
-15304.000000 15
-15400.000000 5
-15320.000000 14
-15356.000000 10
-15072.000000 76
-15312.000000 13
-15268.000000 25
-15184.000000 41
-15300.000000 14
-15372.000000 9
-15388.000000 10
-15200.000000 34
-15252.000000 24
-15188.000000 35
-14980.000000 141
-15100.000000 81
-15176.000000 42
-15208.000000 22
-15088.000000 77
-15240.000000 20
-15256.000000 16
-15316.000000 11
-15392.000000 8
-15432.000000 7
-15672.000000 2
-15456.000000 5
-15412.000000 5
-15592.000000 3
-15288.000000 26
-15232.000000 38
-15212.000000 24
-15044.000000 89
-15340.000000 14
-13784.000000 44
-13796.000000 64
-13900.000000 115
-15152.000000 47
-13984.000000 185
-15172.000000 51
-15120.000000 62
-15128.000000 57
-15220.000000 27
-13848.000000 85
-13968.000000 152
-15264.000000 18
-15224.000000 30
-15204.000000 34
-15284.000000 12
-13916.000000 125
-15260.000000 19
-15420.000000 10
-15196.000000 34
-13888.000000 96
-13844.000000 82
-13856.000000 84
-13724.000000 36
-13648.000000 17
-13712.000000 31
-13668.000000 21
-13748.000000 44
-14028.000000 168
-13880.000000 95
-13656.000000 22
-13804.000000 66
-13728.000000 44
-13836.000000 65
-13808.000000 68
-13992.000000 147
-13896.000000 107
-13824.000000 72
-13596.000000 20
-13756.000000 40
-13608.000000 19
-13644.000000 24
-13504.000000 11
-13800.000000 69
-13580.000000 17
-13472.000000 10
-13588.000000 16
-13740.000000 54
-13864.000000 90
-15248.000000 21
-13792.000000 58
-13860.000000 98
-13708.000000 39
-13788.000000 49
-13684.000000 27
-13680.000000 31
-13592.000000 14
-13720.000000 32
-13628.000000 25
-13692.000000 39
-13776.000000 60
-13716.000000 48
-13672.000000 25
-13876.000000 93
-13780.000000 60
-13736.000000 39
-13548.000000 9
-13456.000000 9
-13632.000000 19
-13820.000000 75
-13536.000000 10
-13584.000000 20
-13688.000000 31
-13652.000000 33
-13928.000000 121
-15112.000000 40
-15216.000000 37
-15236.000000 22
-15296.000000 12
-15404.000000 7
-15580.000000 2
-15532.000000 3
-15328.000000 10
-15444.000000 5
-15380.000000 9
-15424.000000 4
-15352.000000 12
-15272.000000 12
-15360.000000 6
-15500.000000 4
-15572.000000 3
-15464.000000 4
-13764.000000 35
-15468.000000 4
-15376.000000 9
-15276.000000 14
-15332.000000 5
-15540.000000 2
-15436.000000 3
-13616.000000 16
-13624.000000 19
-13516.000000 15
-13704.000000 33
-13612.000000 20
-13528.000000 11
-13420.000000 4
-13440.000000 3
-13620.000000 17
-13660.000000 21
-13424.000000 2
-13532.000000 16
-13600.000000 13
-13696.000000 29
-13428.000000 5
-13520.000000 10
-13604.000000 21
-13524.000000 4
-13468.000000 4
-15324.000000 10
-13744.000000 40
-15308.000000 6
-15620.000000 1
-15548.000000 3
-15560.000000 3
-15596.000000 2
-15556.000000 3
-15396.000000 5
-15348.000000 8
-15504.000000 4
-15492.000000 5
-15608.000000 2
-15516.000000 2
-15480.000000 1
-13552.000000 11
-13572.000000 17
-13640.000000 20
-13448.000000 2
-13700.000000 37
-13560.000000 10
-13664.000000 22
-13452.000000 5
-13496.000000 9
-13352.000000 2
-13340.000000 1
-13404.000000 4
-13224.000000 1
-13464.000000 2
-13508.000000 9
-13480.000000 8
-13344.000000 2
-13288.000000 4
-13568.000000 15
-13576.000000 14
-13544.000000 14
-13492.000000 7
-13676.000000 22
-13476.000000 6
-15384.000000 5
-13500.000000 9
-15600.000000 1
-15336.000000 10
-15488.000000 2
-13324.000000 4
-13392.000000 3
-15344.000000 5
-15508.000000 1
-15428.000000 5
-15640.000000 1
-15452.000000 2
-15368.000000 6
-15472.000000 4
-13564.000000 19
-13540.000000 7
-13484.000000 4
-13636.000000 18
-13432.000000 3
-13556.000000 9
-13460.000000 13
-13512.000000 8
-13376.000000 4
-13284.000000 3
-13292.000000 1
-13336.000000 2
-13436.000000 3
-13212.000000 1
-13396.000000 2
-13384.000000 5
-13316.000000 2
-13412.000000 2
-13348.000000 1
-13380.000000 2
-13060.000000 1
-13156.000000 1
-13148.000000 1
-13112.000000 1
-13408.000000 2
-13108.000000 1
-13488.000000 5
-13280.000000 2
-13400.000000 2
-13372.000000 1
-13300.000000 1
-13360.000000 2
-13356.000000 1
-13388.000000 3
-13240.000000 1
-13236.000000 1
-13332.000000 1
-15568.000000 1
-15652.000000 2
-15416.000000 4
-13416.000000 1
-15448.000000 2
-15512.000000 1
-15408.000000 3
-15644.000000 1
-15708.000000 1
-15544.000000 1
-15484.000000 2
-15536.000000 1
-15664.000000 1
-15836.000000 1
-15564.000000 1
-15724.000000 1
-15632.000000 1
-15648.000000 1
-13220.000000 1
-13368.000000 1
-13320.000000 1
-13268.000000 1
-15496.000000 2
-15440.000000 2
-15528.000000 1
0.000000 1012157866
