-16456.000000 526
-16648.000000 819
-16640.000000 770
-16744.000000 655
-16836.000000 459
-16884.000000 341
-16816.000000 518
-16820.000000 517
-17036.000000 94
-16936.000000 239
-16912.000000 302
-16760.000000 668
-16576.000000 731
-16440.000000 486
-16624.000000 770
-16780.000000 610
-16732.000000 671
-16724.000000 699
-16784.000000 575
-16656.000000 820
-16524.000000 673
-16448.000000 520
-16312.000000 223
-16388.000000 355
-16336.000000 260
-16356.000000 312
-16420.000000 447
-16424.000000 449
-16244.000000 133
-16384.000000 371
-16324.000000 273
-16560.000000 697
-16824.000000 496
-16508.000000 628
-16592.000000 761
-16688.000000 680
-16632.000000 791
-16652.000000 737
-16864.000000 370
-16876.000000 373
-16980.000000 171
-17000.000000 148
-16716.000000 677
-16720.000000 707
-16952.000000 235
-16988.000000 165
-16768.000000 583
-17024.000000 111
-16772.000000 557
-16412.000000 409
-16488.000000 634
-16564.000000 733
-16644.000000 774
-16588.000000 673
-16428.000000 431
-16520.000000 669
-16660.000000 814
-16800.000000 516
-16664.000000 773
-16500.000000 661
-16544.000000 616
-16536.000000 709
-16516.000000 635
-16600.000000 723
-16796.000000 593
-16584.000000 744
-16532.000000 667
-16696.000000 738
-16408.000000 435
-16504.000000 613
-16372.000000 343
-16360.000000 304
-16444.000000 473
-16476.000000 579
-16380.000000 367
-16208.000000 83
-16404.000000 398
-16116.000000 44
-16084.000000 19
-16776.000000 578
-16708.000000 747
-16612.000000 840
-16496.000000 565
-16484.000000 569
-16568.000000 790
-16680.000000 770
-16540.000000 665
-16288.000000 190
-16296.000000 204
-16104.000000 43
-16080.000000 24
-16332.000000 315
-16320.000000 235
-16548.000000 714
-16528.000000 664
-16260.000000 154
-16604.000000 725
-16480.000000 554
-16400.000000 403
-16396.000000 386
-16840.000000 454
-16700.000000 680
-16552.000000 731
-16620.000000 732
-16896.000000 326
-16788.000000 574
-16628.000000 731
-16556.000000 706
-16432.000000 468
-16676.000000 793
-16792.000000 567
-16904.000000 289
-16712.000000 744
-16752.000000 596
-16728.000000 696
-16740.000000 678
-16940.000000 240
-17084.000000 69
-16880.000000 360
-16856.000000 478
-17060.000000 73
-17136.000000 33
-16812.000000 493
-16860.000000 378
-16808.000000 512
-16756.000000 656
-16892.000000 303
-16828.000000 509
-16888.000000 342
-16736.000000 691
-17160.000000 21
-16964.000000 201
-16972.000000 182
-16900.000000 320
-16976.000000 180
-16868.000000 437
-16464.000000 544
-16328.000000 248
-16344.000000 313
-16460.000000 555
-16368.000000 332
-16692.000000 758
-17040.000000 106
-16916.000000 290
-16992.000000 148
-16684.000000 722
-16872.000000 358
-16832.000000 457
-16804.000000 511
-16572.000000 745
-16276.000000 174
-16168.000000 65
-16452.000000 488
-16316.000000 237
-16468.000000 581
-16340.000000 299
-16300.000000 200
-16204.000000 106
-16848.000000 416
-16948.000000 227
-17120.000000 44
-16968.000000 186
-17188.000000 14
-17076.000000 67
-17092.000000 48
-17056.000000 82
-17088.000000 43
-17184.000000 12
-17216.000000 8
-17016.000000 136
-16944.000000 222
-16636.000000 759
-16908.000000 285
-17052.000000 85
-17004.000000 142
-17008.000000 116
-16844.000000 441
-16852.000000 424
-17012.000000 127
-16304.000000 194
-16180.000000 67
-16264.000000 176
-16704.000000 759
-16672.000000 737
-16748.000000 627
-17144.000000 30
-17248.000000 5
-16580.000000 675
-16764.000000 598
-16932.000000 266
-16492.000000 634
-16364.000000 294
-16392.000000 354
-16436.000000 433
-16608.000000 723
-16472.000000 572
-16920.000000 260
-16596.000000 748
-16668.000000 709
-16512.000000 621
-16956.000000 222
-17172.000000 20
-16416.000000 464
-16292.000000 229
-16308.000000 228
-16284.000000 169
-16232.000000 96
-16352.000000 315
-16144.000000 63
-16112.000000 33
-16924.000000 277
-16616.000000 778
-16376.000000 328
-16192.000000 79
-17164.000000 25
-16196.000000 90
-16120.000000 37
-16268.000000 142
-16188.000000 73
-17072.000000 73
-17104.000000 62
-17028.000000 101
-17132.000000 27
-16928.000000 261
-17108.000000 36
-16960.000000 200
-16252.000000 146
-16996.000000 145
-16256.000000 141
-17020.000000 128
-17112.000000 45
-17044.000000 79
-16280.000000 201
-16272.000000 170
-17096.000000 51
-17068.000000 78
-16236.000000 126
-16212.000000 100
-16108.000000 37
-16348.000000 287
-16200.000000 74
-16040.000000 14
-16164.000000 68
-16240.000000 126
-16184.000000 77
-16148.000000 43
-16096.000000 29
-16072.000000 21
-16172.000000 68
-16132.000000 45
-16076.000000 24
-17100.000000 51
-16984.000000 162
-16140.000000 50
-16100.000000 29
-16176.000000 71
-16152.000000 50
-16248.000000 145
-16224.000000 112
-15936.000000 4
-16060.000000 23
-16068.000000 21
-15976.000000 9
-16036.000000 12
-16044.000000 11
-16024.000000 16
-16124.000000 41
-16220.000000 108
-17128.000000 38
-17048.000000 90
-17260.000000 6
-17124.000000 30
-16216.000000 113
-16228.000000 102
-16136.000000 37
-16048.000000 17
-16092.000000 29
-16128.000000 47
-15880.000000 3
-16008.000000 13
-17152.000000 21
-17032.000000 101
-17196.000000 22
-17352.000000 2
-17212.000000 10
-17408.000000 1
-17288.000000 4
-17236.000000 6
-17168.000000 18
-17228.000000 7
-17080.000000 65
-16032.000000 20
-17276.000000 2
-16156.000000 51
-17064.000000 66
-17308.000000 3
-17148.000000 24
-17116.000000 45
-15984.000000 7
-16160.000000 50
-16020.000000 9
-15876.000000 2
-17140.000000 27
-15980.000000 6
-17380.000000 1
-17176.000000 20
-17200.000000 12
-15944.000000 1
-16000.000000 6
-17220.000000 13
-15940.000000 8
-16088.000000 28
-17240.000000 9
-17304.000000 5
-17156.000000 18
-17232.000000 9
-16012.000000 10
-15932.000000 5
-15872.000000 2
-15852.000000 3
-16052.000000 21
-15992.000000 7
-15916.000000 2
-15900.000000 3
-15988.000000 7
-16056.000000 14
-17208.000000 9
-15972.000000 4
-16064.000000 11
-17344.000000 2
-17252.000000 7
-17360.000000 3
-17300.000000 4
-17204.000000 14
-17180.000000 15
-17224.000000 12
-15888.000000 5
-15696.000000 1
-15968.000000 8
-15964.000000 7
-15896.000000 1
-17328.000000 2
-15996.000000 6
-17244.000000 5
-17264.000000 8
-17296.000000 2
-16016.000000 5
-17256.000000 2
-16004.000000 3
-17312.000000 1
-16028.000000 13
-15960.000000 4
-15948.000000 2
-17316.000000 2
-17192.000000 9
-15912.000000 3
-17280.000000 2
-15952.000000 4
-15840.000000 3
-15828.000000 1
-15824.000000 1
-15764.000000 1
-17284.000000 3
-17416.000000 1
-17392.000000 2
-17444.000000 1
-15796.000000 1
-15684.000000 1
-15856.000000 1
-15920.000000 2
-17412.000000 1
-15820.000000 1
-17336.000000 1
-15860.000000 1
-17364.000000 1
-17292.000000 1
-15904.000000 1
-17268.000000 3
-17320.000000 1
-15956.000000 3
-17272.000000 2
-15908.000000 1
-17384.000000 1
-17324.000000 1
0.000000 1748622222
