-16144.000000 487
-16432.000000 621
-16380.000000 684
-16480.000000 570
-16600.000000 321
-16588.000000 374
-16596.000000 338
-16440.000000 638
-16448.000000 559
-16244.000000 681
-16196.000000 642
-16060.000000 327
-16212.000000 595
-16404.000000 660
-16376.000000 719
-16288.000000 697
-16388.000000 700
-16356.000000 722
-16184.000000 572
-16024.000000 274
-16128.000000 467
-16100.000000 422
-16208.000000 613
-16252.000000 682
-16264.000000 680
-16068.000000 362
-16160.000000 554
-16456.000000 648
-16660.000000 212
-16324.000000 728
-16452.000000 568
-16396.000000 659
-16344.000000 695
-16488.000000 520
-16464.000000 622
-16400.000000 710
-16532.000000 418
-16612.000000 308
-16620.000000 324
-16468.000000 611
-16576.000000 373
-16360.000000 699
-16348.000000 708
-16632.000000 256
-16504.000000 543
-16772.000000 85
-16272.000000 683
-16296.000000 720
-16260.000000 695
-16548.000000 429
-16436.000000 643
-16320.000000 717
-16352.000000 716
-16120.000000 455
-16204.000000 580
-16472.000000 590
-16364.000000 706
-16484.000000 569
-16328.000000 731
-16332.000000 779
-16384.000000 690
-16716.000000 142
-16416.000000 643
-16304.000000 716
-16248.000000 717
-16340.000000 710
-16220.000000 607
-16056.000000 318
-16176.000000 595
-16168.000000 532
-16156.000000 531
-15976.000000 218
-16108.000000 394
-16232.000000 639
-16180.000000 565
-15920.000000 120
-15872.000000 87
-16276.000000 631
-16424.000000 680
-16368.000000 652
-16292.000000 715
-16312.000000 710
-16284.000000 675
-16336.000000 733
-16104.000000 411
-15956.000000 167
-15988.000000 215
-16048.000000 285
-16412.000000 710
-16256.000000 681
-16228.000000 651
-16392.000000 713
-16520.000000 482
-16200.000000 552
-16164.000000 547
-16408.000000 662
-16568.000000 404
-16608.000000 317
-16536.000000 391
-16112.000000 434
-16420.000000 704
-16580.000000 390
-16604.000000 314
-16528.000000 434
-16556.000000 365
-16148.000000 486
-16500.000000 536
-16688.000000 155
-16684.000000 176
-16628.000000 272
-16640.000000 258
-16664.000000 214
-16524.000000 499
-16728.000000 139
-16900.000000 13
-16592.000000 333
-16652.000000 230
-16584.000000 309
-16552.000000 416
-16280.000000 695
-16492.000000 568
-16476.000000 572
-16704.000000 154
-16720.000000 126
-16624.000000 294
-16668.000000 199
-16516.000000 479
-16948.000000 13
-16680.000000 162
-16712.000000 163
-16460.000000 643
-16072.000000 375
-15944.000000 149
-16036.000000 283
-16020.000000 271
-16240.000000 673
-15992.000000 224
-16216.000000 623
-16760.000000 74
-16736.000000 112
-16648.000000 229
-16836.000000 44
-16512.000000 470
-16560.000000 385
-16676.000000 204
-16040.000000 301
-15904.000000 109
-16496.000000 508
-16616.000000 302
-16572.000000 330
-16004.000000 214
-15884.000000 109
-15980.000000 200
-15948.000000 144
-15852.000000 82
-16032.000000 284
-16172.000000 593
-16224.000000 648
-16544.000000 461
-16508.000000 492
-16636.000000 278
-16672.000000 215
-16192.000000 580
-16732.000000 113
-16788.000000 76
-16708.000000 134
-16692.000000 173
-16096.000000 420
-15908.000000 124
-15864.000000 64
-15932.000000 137
-15880.000000 101
-15952.000000 150
-15940.000000 174
-16316.000000 703
-16136.000000 458
-16064.000000 337
-16092.000000 408
-16444.000000 614
-16372.000000 631
-16300.000000 742
-16864.000000 39
-16188.000000 588
-16152.000000 514
-16000.000000 227
-16052.000000 316
-16116.000000 412
-16912.000000 14
-16008.000000 263
-16076.000000 353
-15936.000000 149
-16132.000000 491
-15996.000000 225
-15972.000000 208
-16084.000000 362
-15816.000000 54
-15772.000000 40
-16644.000000 199
-16656.000000 226
-16044.000000 306
-16308.000000 747
-16140.000000 473
-16908.000000 16
-16808.000000 55
-16236.000000 643
-16124.000000 455
-15924.000000 130
-16428.000000 642
-15984.000000 217
-16812.000000 27
-16268.000000 700
-16540.000000 444
-16872.000000 32
-16844.000000 39
-16924.000000 14
-16792.000000 73
-16740.000000 101
-16916.000000 19
-16028.000000 299
-16080.000000 395
-16768.000000 90
-16756.000000 83
-16016.000000 260
-15964.000000 169
-16700.000000 149
-16800.000000 81
-16904.000000 23
-16780.000000 87
-16776.000000 84
-16796.000000 60
-16744.000000 107
-16752.000000 73
-16920.000000 19
-17032.000000 8
-15824.000000 60
-15912.000000 127
-15828.000000 72
-15696.000000 15
-15928.000000 139
-15900.000000 110
-15916.000000 143
-15876.000000 88
-15892.000000 116
-15720.000000 25
-16088.000000 379
-16784.000000 73
-16820.000000 52
-16856.000000 40
-16724.000000 123
-16804.000000 61
-16852.000000 31
-15784.000000 45
-15868.000000 89
-15860.000000 79
-15896.000000 106
-15808.000000 47
-16696.000000 144
-16564.000000 415
-16816.000000 44
-15968.000000 201
-15736.000000 27
-15800.000000 37
-15960.000000 150
-15680.000000 16
-15856.000000 71
-15744.000000 18
-16012.000000 247
-15740.000000 26
-15780.000000 42
-15584.000000 6
-15888.000000 111
-15844.000000 85
-15748.000000 18
-15804.000000 43
-16764.000000 93
-16884.000000 25
-15768.000000 31
-15728.000000 20
-15796.000000 38
-15812.000000 53
-15628.000000 6
-15848.000000 80
-15840.000000 71
-15684.000000 15
-15836.000000 73
-16824.000000 44
-16748.000000 109
-15760.000000 33
-15752.000000 20
-15832.000000 51
-16936.000000 11
-17048.000000 2
-16888.000000 17
-15776.000000 39
-15708.000000 16
-15660.000000 8
-15764.000000 21
-17036.000000 3
-16880.000000 33
-16868.000000 18
-15732.000000 25
-15652.000000 8
-16992.000000 6
-16860.000000 38
-16892.000000 20
-16976.000000 7
-16832.000000 46
-16952.000000 16
-16840.000000 34
-16964.000000 13
-16876.000000 21
-17024.000000 6
-16848.000000 32
-15636.000000 5
-15820.000000 58
-15672.000000 12
-16928.000000 13
-16960.000000 9
-15756.000000 25
-15632.000000 7
-15664.000000 7
-15704.000000 13
-15700.000000 10
-15644.000000 8
-15792.000000 35
-17008.000000 3
-16828.000000 40
-17016.000000 3
-15724.000000 26
-15620.000000 4
-15640.000000 10
-15496.000000 1
-15484.000000 2
-15616.000000 5
-16932.000000 11
-17064.000000 4
-17112.000000 2
-17004.000000 5
-15688.000000 15
-15712.000000 16
-15692.000000 12
-15416.000000 1
-15788.000000 39
-15612.000000 4
-15716.000000 21
-15596.000000 5
-15604.000000 3
-16988.000000 5
-16980.000000 6
-17044.000000 3
-16984.000000 5
-16972.000000 1
-17040.000000 4
-15396.000000 1
-15580.000000 1
-15556.000000 2
-15676.000000 14
-17080.000000 3
-16996.000000 3
-17152.000000 1
-16940.000000 12
-17000.000000 4
-16944.000000 16
-16896.000000 18
-15376.000000 1
-15592.000000 4
-15528.000000 1
-15656.000000 4
-16956.000000 8
-15600.000000 4
-15624.000000 1
-15648.000000 6
-16968.000000 6
-15548.000000 2
-15508.000000 1
-15492.000000 1
-15668.000000 6
-15544.000000 2
-15552.000000 3
-15572.000000 3
-15524.000000 3
-15608.000000 4
-17020.000000 3
-15424.000000 1
-15588.000000 3
-15456.000000 1
-17148.000000 2
-17116.000000 1
-17192.000000 1
-15440.000000 1
-15488.000000 2
-17052.000000 3
-17060.000000 1
-15564.000000 3
-15512.000000 1
-15520.000000 2
-15464.000000 2
-15560.000000 2
-15500.000000 1
-17140.000000 1
-15516.000000 1
-15448.000000 1
-17028.000000 4
-17084.000000 1
-17120.000000 1
-17056.000000 1
-15576.000000 1
-17092.000000 1
-17160.000000 1
-15532.000000 1
-17072.000000 1
-17164.000000 1
0.000000 1012157866
