-2820.000000 858
-2824.000000 789
-2712.000000 2040
-2716.000000 1941
-2676.000000 1736
-2708.000000 1976
-2728.000000 2096
-2768.000000 1773
-2764.000000 1851
-2780.000000 1605
-2776.000000 1659
-2748.000000 2002
-2736.000000 2047
-2756.000000 1885
-2832.000000 706
-2812.000000 936
-2808.000000 1069
-2840.000000 563
-2816.000000 883
-2752.000000 1904
-2796.000000 1305
-2784.000000 1429
-2744.000000 1978
-2876.000000 216
-2828.000000 743
-2760.000000 1911
-2704.000000 1971
-2636.000000 1095
-2660.000000 1414
-2612.000000 692
-2596.000000 557
-2732.000000 2034
-2696.000000 1934
-2720.000000 2043
-2864.000000 310
-2800.000000 1219
-2844.000000 495
-2656.000000 1374
-2724.000000 2072
-2740.000000 1933
-2688.000000 1817
-2680.000000 1788
-2648.000000 1290
-2664.000000 1512
-2772.000000 1650
-2692.000000 1856
-2668.000000 1513
-2620.000000 849
-2556.000000 260
-2584.000000 447
-2652.000000 1315
-2576.000000 367
-2580.000000 413
-2540.000000 147
-2560.000000 261
-2628.000000 1004
-2608.000000 724
-2624.000000 902
-2552.000000 216
-2600.000000 539
-2604.000000 685
-2588.000000 492
-2536.000000 141
-2476.000000 30
-2592.000000 549
-2700.000000 1905
-2644.000000 1192
-2616.000000 799
-2684.000000 1781
-2640.000000 1157
-2788.000000 1407
-2632.000000 1021
-2544.000000 193
-2568.000000 310
-2508.000000 86
-2504.000000 57
-2672.000000 1595
-2528.000000 100
-2564.000000 289
-2512.000000 73
-2480.000000 29
-2804.000000 1136
-2532.000000 112
-2928.000000 27
-2860.000000 320
-2884.000000 147
-2792.000000 1405
-2856.000000 405
-2892.000000 113
-2848.000000 454
-2572.000000 350
-2972.000000 3
-2936.000000 19
-2868.000000 261
-2836.000000 636
-2888.000000 133
-2872.000000 233
-2520.000000 93
-2516.000000 92
-2548.000000 203
-2900.000000 84
-2896.000000 108
-2852.000000 380
-2912.000000 54
-2904.000000 88
-2880.000000 176
-2908.000000 66
-2916.000000 45
-2500.000000 34
-2496.000000 39
-2524.000000 98
-2940.000000 21
-2488.000000 35
-2932.000000 13
-2968.000000 3
-2920.000000 36
-2456.000000 15
-2924.000000 28
-2472.000000 17
-2484.000000 24
-2464.000000 20
-2468.000000 17
-2960.000000 3
-2492.000000 40
-2428.000000 7
-2440.000000 4
-2944.000000 9
-2952.000000 7
-3000.000000 1
-2948.000000 11
-2460.000000 13
-2448.000000 7
-2452.000000 11
-2416.000000 2
-2340.000000 1
-2956.000000 4
-2436.000000 3
-2384.000000 4
-2420.000000 2
-2412.000000 2
-2432.000000 3
-2444.000000 4
-2388.000000 1
-2408.000000 2
-2964.000000 3
-2396.000000 4
-2992.000000 1
-3028.000000 1
-2360.000000 1
-2392.000000 1
-2376.000000 1
0.000000 1555585625
