-2604.000000 1738
-2664.000000 1160
-2540.000000 1522
-2520.000000 1323
-2480.000000 915
-2532.000000 1485
-2564.000000 1678
-2624.000000 1542
-2668.000000 1151
-2652.000000 1313
-2632.000000 1427
-2644.000000 1396
-2696.000000 814
-2712.000000 547
-2684.000000 884
-2704.000000 685
-2636.000000 1518
-2596.000000 1655
-2680.000000 932
-2720.000000 511
-2580.000000 1702
-2656.000000 1278
-2628.000000 1511
-2660.000000 1194
-2612.000000 1532
-2648.000000 1285
-2672.000000 1135
-2756.000000 209
-2692.000000 828
-2616.000000 1536
-2572.000000 1615
-2460.000000 721
-2496.000000 1074
-2476.000000 846
-2440.000000 516
-2584.000000 1710
-2776.000000 123
-2724.000000 420
-2576.000000 1666
-2608.000000 1642
-2676.000000 985
-2556.000000 1627
-2500.000000 1105
-2544.000000 1554
-2600.000000 1721
-2548.000000 1670
-2728.000000 410
-2700.000000 737
-2748.000000 283
-2732.000000 400
-2760.000000 208
-2620.000000 1607
-2588.000000 1699
-2528.000000 1342
-2536.000000 1403
-2432.000000 489
-2492.000000 1100
-2592.000000 1750
-2484.000000 908
-2376.000000 201
-2352.000000 114
-2464.000000 734
-2468.000000 849
-2504.000000 1168
-2420.000000 395
-2552.000000 1621
-2568.000000 1696
-2512.000000 1302
-2368.000000 136
-2424.000000 433
-2488.000000 992
-2524.000000 1398
-2640.000000 1460
-2396.000000 278
-2444.000000 549
-2388.000000 225
-2472.000000 838
-2508.000000 1150
-2428.000000 455
-2392.000000 264
-2400.000000 267
-2456.000000 697
-2380.000000 204
-2340.000000 78
-2452.000000 670
-2560.000000 1615
-2516.000000 1228
-2716.000000 597
-2808.000000 32
-2688.000000 814
-2740.000000 347
-2736.000000 333
-2764.000000 170
-2408.000000 321
-2436.000000 516
-2448.000000 606
-2348.000000 100
-2336.000000 65
-2360.000000 132
-2332.000000 78
-2296.000000 23
-2364.000000 163
-2328.000000 65
-2312.000000 43
-2324.000000 53
-2404.000000 308
-2384.000000 199
-2356.000000 131
-2412.000000 336
-2416.000000 368
-2820.000000 28
-2796.000000 64
-2708.000000 607
-2744.000000 296
-2800.000000 50
-2320.000000 60
-2344.000000 98
-2372.000000 157
-2252.000000 9
-2288.000000 22
-2284.000000 23
-2260.000000 11
-2276.000000 15
-2308.000000 43
-2292.000000 26
-2280.000000 23
-2780.000000 118
-2816.000000 22
-2840.000000 5
-2844.000000 8
-2768.000000 154
-2752.000000 248
-2300.000000 32
-2784.000000 99
-2792.000000 77
-2804.000000 53
-2268.000000 11
-2316.000000 40
-2788.000000 85
-2772.000000 156
-2860.000000 10
-2832.000000 23
-2304.000000 33
-2848.000000 14
-2824.000000 25
-2812.000000 44
-2880.000000 3
-2216.000000 3
-2244.000000 6
-2836.000000 14
-2828.000000 16
-2264.000000 10
-2852.000000 9
-2248.000000 5
-2272.000000 11
-2204.000000 1
-2256.000000 12
-2188.000000 4
-2228.000000 3
-2192.000000 2
-2136.000000 1
-2072.000000 1
-2164.000000 1
-2180.000000 2
-2132.000000 1
-2200.000000 4
-2856.000000 8
-2232.000000 5
-2220.000000 5
-2864.000000 5
-2224.000000 3
-2868.000000 2
-2236.000000 3
-2196.000000 3
-2148.000000 1
-2916.000000 1
-2240.000000 3
-2168.000000 1
-2212.000000 1
-2120.000000 1
-2156.000000 1
-2184.000000 1
-2208.000000 1
-2172.000000 1
-2160.000000 1
-2152.000000 2
0.000000 -1298743315
