-2276.000000 1235
-2268.000000 1129
-2212.000000 1010
-2248.000000 1119
-2364.000000 1069
-2508.000000 247
-2536.000000 159
-2496.000000 269
-2480.000000 373
-2436.000000 633
-2524.000000 180
-2408.000000 766
-2544.000000 134
-2472.000000 392
-2464.000000 484
-2396.000000 928
-2432.000000 658
-2344.000000 1180
-2388.000000 908
-2520.000000 214
-2380.000000 930
-2360.000000 1045
-2312.000000 1178
-2444.000000 571
-2384.000000 922
-2428.000000 692
-2552.000000 108
-2556.000000 109
-2532.000000 152
-2460.000000 472
-2320.000000 1116
-2304.000000 1206
-2356.000000 1093
-2324.000000 1193
-2416.000000 762
-2488.000000 333
-2340.000000 1137
-2420.000000 701
-2412.000000 763
-2284.000000 1244
-2328.000000 1128
-2308.000000 1155
-2280.000000 1177
-2208.000000 977
-2256.000000 1156
-2392.000000 856
-2368.000000 1021
-2348.000000 1145
-2372.000000 951
-2232.000000 1075
-2288.000000 1162
-2264.000000 1145
-2292.000000 1236
-2296.000000 1138
-2144.000000 671
-2224.000000 1086
-2184.000000 899
-2236.000000 1088
-2192.000000 909
-2180.000000 881
-2204.000000 977
-2336.000000 1195
-2172.000000 804
-2148.000000 697
-2244.000000 1126
-2200.000000 905
-2260.000000 1268
-2332.000000 1166
-2300.000000 1188
-2220.000000 996
-2272.000000 1273
-2136.000000 644
-2196.000000 970
-2168.000000 758
-2132.000000 590
-2228.000000 1021
-2188.000000 869
-2252.000000 1139
-2156.000000 741
-2096.000000 441
-2064.000000 301
-2044.000000 246
-2100.000000 481
-2120.000000 541
-2152.000000 705
-2176.000000 799
-2124.000000 550
-2456.000000 545
-2376.000000 940
-2452.000000 491
-2448.000000 522
-2216.000000 985
-2240.000000 1076
-2440.000000 590
-2528.000000 180
-2400.000000 815
-2316.000000 1131
-2500.000000 271
-2560.000000 100
-2484.000000 344
-2352.000000 1059
-2424.000000 694
-2404.000000 827
-2516.000000 195
-2592.000000 38
-2580.000000 58
-2564.000000 114
-2504.000000 259
-2108.000000 475
-2160.000000 768
-2112.000000 478
-2072.000000 335
-2572.000000 63
-2492.000000 275
-2140.000000 645
-2164.000000 748
-2128.000000 588
-2476.000000 391
-2088.000000 410
-2116.000000 536
-2104.000000 456
-2016.000000 153
-1992.000000 108
-2036.000000 228
-2012.000000 151
-2008.000000 145
-2020.000000 166
-1996.000000 119
-1924.000000 24
-1956.000000 46
-1960.000000 71
-1868.000000 10
-1852.000000 2
-1916.000000 27
-1880.000000 10
-1944.000000 45
-1984.000000 97
-1908.000000 18
-1988.000000 102
-2056.000000 267
-2084.000000 394
-2028.000000 186
-2024.000000 169
-1952.000000 53
-2080.000000 383
-2092.000000 446
-2052.000000 277
-2040.000000 226
-1968.000000 58
-2048.000000 265
-2032.000000 216
-2076.000000 367
-2060.000000 290
-2468.000000 473
-2608.000000 39
-2576.000000 64
-2612.000000 24
-2548.000000 136
-2636.000000 12
-2584.000000 37
-2000.000000 159
-1972.000000 89
-2068.000000 346
-1976.000000 85
-1948.000000 52
-1932.000000 35
-2004.000000 166
-2512.000000 215
-2540.000000 127
-2596.000000 47
-2588.000000 37
-2652.000000 9
-2604.000000 29
-2600.000000 32
-1980.000000 83
-1920.000000 32
-2616.000000 21
-2568.000000 84
-2624.000000 16
-2648.000000 9
-2668.000000 6
-2620.000000 17
-2660.000000 6
-2656.000000 8
-1940.000000 41
-1964.000000 65
-1892.000000 16
-1784.000000 2
-1936.000000 32
-1896.000000 15
-1832.000000 3
-1884.000000 12
-1888.000000 8
-1872.000000 7
-1928.000000 35
-1864.000000 6
-1912.000000 22
-1876.000000 7
-1760.000000 1
-1828.000000 2
-1860.000000 8
-2724.000000 1
-2728.000000 1
-2692.000000 4
-2704.000000 2
-2676.000000 2
-2628.000000 13
-2680.000000 5
-1904.000000 18
-2644.000000 13
-1900.000000 10
-2688.000000 3
-2632.000000 11
-2640.000000 9
-2664.000000 6
-2684.000000 1
-2708.000000 2
-1856.000000 8
-1788.000000 2
-1780.000000 1
-1836.000000 2
-1848.000000 4
-1688.000000 2
-1800.000000 2
-1756.000000 1
-1792.000000 1
-1720.000000 1
-1824.000000 3
-1796.000000 1
-1844.000000 1
-2672.000000 2
-2696.000000 2
-1840.000000 4
-1804.000000 1
-1812.000000 2
-1820.000000 1
0.000000 1555585625
