-1.540000 0.014564
-1.612500 0.010544
-1.580000 0.013897
-1.575000 0.015292
-1.555000 0.014882
-1.665000 0.003200
-1.727500 0.000195
-1.667500 0.002841
-1.677500 0.002031
-1.697500 0.000697
-1.700000 0.000718
-1.645000 0.005621
-1.690000 0.001303
-1.692500 0.000995
-1.680000 0.001682
-1.657500 0.003682
-1.610000 0.010749
-1.632500 0.006872
-1.600000 0.011364
-1.615000 0.009764
-1.595000 0.012544
-1.562500 0.014862
-1.552500 0.015549
-1.625000 0.008318
-1.605000 0.011662
-1.585000 0.013662
-1.630000 0.007221
-1.687500 0.001200
-1.642500 0.005508
-1.647500 0.005169
-1.620000 0.009005
-1.550000 0.015508
-1.495000 0.010236
-1.512500 0.012287
-1.500000 0.011528
-1.480000 0.008349
-1.582500 0.013754
-1.572500 0.015056
-1.627500 0.007805
-1.635000 0.006328
-1.565000 0.014544
-1.560000 0.015241
-1.522500 0.013785
-1.590000 0.013067
-1.567500 0.015149
-1.602500 0.011826
-1.655000 0.004000
-1.637500 0.006010
-1.652500 0.004195
-1.670000 0.002646
-1.607500 0.010667
-1.622500 0.008626
-1.587500 0.013354
-1.537500 0.014636
-1.592500 0.012687
-1.517500 0.013128
-1.557500 0.014810
-1.525000 0.014236
-1.542500 0.015179
-1.445000 0.004605
-1.435000 0.003333
-1.520000 0.012944
-1.547500 0.014728
-1.530000 0.013610
-1.485000 0.009087
-1.527500 0.014103
-1.490000 0.009682
-1.460000 0.005990
-1.402500 0.001487
-1.455000 0.005159
-1.420000 0.002441
-1.465000 0.006503
-1.470000 0.007231
-1.472500 0.006841
-1.577500 0.014308
-1.437500 0.003908
-1.452500 0.005200
-1.532500 0.013979
-1.482500 0.008349
-1.507500 0.011538
-1.502500 0.010626
-1.447500 0.004092
-1.425000 0.002810
-1.427500 0.003487
-1.510000 0.011590
-1.487500 0.009149
-1.505000 0.011579
-1.430000 0.002677
-1.440000 0.003826
-1.515000 0.012667
-1.535000 0.014431
-1.650000 0.004708
-1.597500 0.012174
-1.467500 0.006749
-1.570000 0.015344
-1.545000 0.015015
-1.685000 0.001446
-1.492500 0.010256
-1.477500 0.007918
-1.617500 0.009436
-1.660000 0.003518
-1.497500 0.010031
-1.662500 0.003344
-1.415000 0.002092
-1.442500 0.004154
-1.462500 0.005959
-1.407500 0.001559
-1.405000 0.001569
-1.367500 0.000749
-1.362500 0.000462
-1.410000 0.001528
-1.450000 0.004913
-1.397500 0.001651
-1.385000 0.001087
-1.400000 0.001672
-1.457500 0.005323
-1.475000 0.007118
-1.432500 0.002738
-1.422500 0.002431
-1.382500 0.001190
-1.417500 0.002113
-1.710000 0.000451
-1.640000 0.006390
-1.675000 0.002246
-1.672500 0.002359
-1.682500 0.001579
-1.702500 0.000626
-1.725000 0.000215
-1.757500 0.000031
-1.387500 0.000944
-1.750000 0.000041
-1.742500 0.000082
-1.732500 0.000082
-1.390000 0.000995
-1.375000 0.000769
-1.392500 0.001159
-1.712500 0.000390
-1.342500 0.000256
-1.372500 0.000574
-1.347500 0.000451
-1.395000 0.001354
-1.330000 0.000164
-1.325000 0.000103
-1.340000 0.000308
-1.370000 0.000749
-1.357500 0.000390
-1.285000 0.000051
-1.312500 0.000092
-1.412500 0.002226
-1.350000 0.000421
-1.345000 0.000308
-1.377500 0.000892
-1.355000 0.000410
-1.360000 0.000431
-1.317500 0.000195
-1.705000 0.000564
-1.365000 0.000574
-1.352500 0.000462
-1.720000 0.000297
-1.715000 0.000338
-1.695000 0.000892
-1.722500 0.000287
-1.730000 0.000123
-1.707500 0.000369
-1.790000 0.000010
-1.770000 0.000031
-1.745000 0.000031
-1.747500 0.000072
-1.740000 0.000051
-1.380000 0.000697
-1.335000 0.000246
-1.332500 0.000246
-1.717500 0.000246
-1.337500 0.000277
-1.762500 0.000031
-1.735000 0.000072
-1.327500 0.000164
-1.307500 0.000144
-1.295000 0.000092
-1.270000 0.000031
-1.310000 0.000133
-1.287500 0.000051
-1.315000 0.000164
-1.322500 0.000195
-1.280000 0.000041
-1.272500 0.000010
-1.262500 0.000041
-1.277500 0.000031
-1.320000 0.000144
-1.305000 0.000092
-1.300000 0.000062
-1.302500 0.000082
-1.267500 0.000031
-1.257500 0.000010
-1.737500 0.000051
-1.752500 0.000031
-1.767500 0.000021
-1.230000 0.000010
-1.297500 0.000072
-1.237500 0.000010
-1.265000 0.000031
-1.292500 0.000092
-1.260000 0.000010
-1.252500 0.000010
-1.275000 0.000021
-1.250000 0.000010
-1.290000 0.000010
-1.755000 0.000010
-1.255000 0.000010
-1.760000 0.000010
