-1.520612 0.003938
-1.527143 0.003518
-1.524082 0.003610
-1.523673 0.003815
-1.510204 0.003744
-1.513878 0.004338
-1.502653 0.003015
-1.520816 0.004308
-1.523265 0.003979
-1.516735 0.004318
-1.510816 0.004010
-1.502041 0.003056
-1.504286 0.003303
-1.499388 0.002749
-1.484898 0.001600
-1.494490 0.002287
-1.502449 0.003190
-1.517551 0.004133
-1.489184 0.001682
-1.492653 0.002164
-1.497551 0.002523
-1.508980 0.003969
-1.484082 0.001210
-1.494694 0.002410
-1.488980 0.001426
-1.511837 0.003774
-1.513061 0.004000
-1.518571 0.004082
-1.533469 0.002800
-1.526327 0.003692
-1.517755 0.004626
-1.522653 0.003867
-1.518163 0.004144
-1.515306 0.003826
-1.495102 0.002185
-1.495918 0.002390
-1.496122 0.002400
-1.506327 0.003805
-1.511020 0.004277
-1.507755 0.003774
-1.508163 0.003405
-1.499184 0.002903
-1.491837 0.002092
-1.504082 0.003364
-1.500816 0.002903
-1.484286 0.001036
-1.497143 0.002359
-1.510612 0.003990
-1.508571 0.003641
-1.525510 0.003621
-1.525918 0.003733
-1.523878 0.003538
-1.503469 0.003559
-1.514694 0.004092
-1.515510 0.003949
-1.513469 0.004144
-1.511224 0.004031
-1.513673 0.003744
-1.509388 0.003846
-1.503265 0.003272
-1.521020 0.004113
-1.535510 0.002831
-1.542857 0.001518
-1.528367 0.003344
-1.526122 0.003621
-1.520204 0.003938
-1.514286 0.004164
-1.494898 0.002328
-1.524694 0.003754
-1.521224 0.004144
-1.521429 0.004031
-1.525102 0.003990
-1.527551 0.003579
-1.514490 0.003877
-1.510000 0.003979
-1.501837 0.002831
-1.500204 0.003036
-1.504490 0.003497
-1.522449 0.004205
-1.539388 0.001897
-1.546735 0.001138
-1.537551 0.002338
-1.528571 0.003241
-1.512653 0.004051
-1.503878 0.003292
-1.493265 0.002267
-1.489388 0.001764
-1.509184 0.003949
-1.528776 0.003538
-1.544694 0.001354
-1.521837 0.004092
-1.519592 0.004041
-1.531837 0.003128
-1.516122 0.003662
-1.486735 0.001415
-1.498776 0.002708
-1.490816 0.001795
-1.472449 0.000421
-1.477959 0.000636
-1.505306 0.003415
-1.497755 0.002636
-1.498571 0.002903
-1.490000 0.001805
-1.488163 0.001538
-1.493673 0.002369
-1.497347 0.002103
-1.487143 0.001333
-1.475306 0.000523
-1.477347 0.000564
-1.484694 0.001179
-1.506122 0.003333
-1.522245 0.004267
-1.533673 0.002636
-1.534082 0.003046
-1.532041 0.003046
-1.515102 0.004154
-1.496327 0.002585
-1.483878 0.001231
-1.493061 0.001908
-1.485510 0.001303
-1.494286 0.002492
-1.481224 0.001128
-1.487347 0.001426
-1.492041 0.001815
-1.492449 0.001815
-1.493469 0.002174
-1.493878 0.002626
-1.500408 0.002810
-1.506735 0.003846
-1.502245 0.003344
-1.486327 0.001251
-1.485918 0.001528
-1.473878 0.000441
-1.470612 0.000379
-1.482653 0.000923
-1.471224 0.000246
-1.508367 0.003938
-1.500612 0.002708
-1.503061 0.003374
-1.516939 0.004215
-1.517959 0.004000
-1.507959 0.003785
-1.511429 0.004092
-1.503673 0.003374
-1.520408 0.004185
-1.516531 0.004082
-1.512857 0.004000
-1.507551 0.003795
-1.531429 0.003303
-1.544082 0.001549
-1.536735 0.002072
-1.533878 0.002862
-1.531224 0.003056
-1.527347 0.003159
-1.518367 0.004133
-1.511633 0.003928
-1.541429 0.001856
-1.548571 0.001046
-1.536939 0.002605
-1.541837 0.001990
-1.542041 0.001651
-1.535306 0.002379
-1.529184 0.003221
-1.529388 0.003436
-1.543469 0.001538
-1.540408 0.001897
-1.530816 0.003344
-1.550408 0.001056
-1.561020 0.000287
-1.546327 0.001395
-1.541224 0.002031
-1.544490 0.001446
-1.531020 0.003046
-1.540000 0.002164
-1.556122 0.000523
-1.554490 0.000451
-1.559796 0.000328
-1.543878 0.001856
-1.543061 0.001559
-1.545102 0.001508
-1.543265 0.001692
-1.534694 0.002728
-1.517347 0.003856
-1.520000 0.004021
-1.524898 0.004031
-1.534898 0.002369
-1.547959 0.001005
-1.552041 0.000851
-1.535918 0.002154
-1.519388 0.004072
-1.496531 0.002687
-1.521633 0.004031
-1.540612 0.001795
-1.547551 0.001036
-1.538571 0.001826
-1.540204 0.002277
-1.533061 0.003046
-1.530204 0.003344
-1.545714 0.001323
-1.535102 0.002533
-1.519184 0.003949
-1.519796 0.004031
-1.505918 0.003713
-1.533265 0.002749
-1.536327 0.002431
-1.527755 0.003374
-1.523469 0.003928
-1.522857 0.003836
-1.532653 0.003087
-1.530000 0.003497
-1.515918 0.004051
-1.536531 0.002318
-1.532857 0.003015
-1.524286 0.003774
-1.539796 0.001877
-1.537959 0.002164
-1.546122 0.001231
-1.549184 0.000903
-1.539592 0.002010
-1.539184 0.002041
-1.510408 0.003846
-1.534286 0.002615
-1.529796 0.003005
-1.508776 0.003867
-1.501633 0.003138
-1.480204 0.000841
-1.485714 0.001190
-1.482041 0.000923
-1.488367 0.001436
-1.490612 0.001856
-1.487755 0.001364
-1.501224 0.002933
-1.471020 0.000359
-1.477755 0.000615
-1.456531 0.000072
-1.459388 0.000092
-1.469796 0.000308
-1.464082 0.000123
-1.453878 0.000041
-1.463061 0.000144
-1.477143 0.000677
-1.495714 0.002472
-1.514082 0.003959
-1.538980 0.002144
-1.532245 0.002954
-1.501020 0.003210
-1.509796 0.003897
-1.517143 0.004256
-1.506939 0.003528
-1.530408 0.002995
-1.509592 0.003651
-1.537347 0.002297
-1.534490 0.002656
-1.528163 0.003610
-1.526735 0.003928
-1.518776 0.004092
-1.504694 0.003138
-1.483061 0.000995
-1.494082 0.002236
-1.500000 0.002954
-1.529592 0.003200
-1.512245 0.004154
-1.540816 0.001918
-1.537755 0.002441
-1.537143 0.002482
-1.526939 0.003323
-1.513265 0.004369
-1.487959 0.001415
-1.486939 0.001313
-1.550204 0.000769
-1.556939 0.000605
-1.548776 0.000974
-1.525714 0.003887
-1.525306 0.003918
-1.506531 0.003528
-1.527959 0.003456
-1.546939 0.001097
-1.528980 0.003395
-1.550612 0.001015
-1.547755 0.001046
-1.556327 0.000544
-1.564694 0.000185
-1.549796 0.000872
-1.563265 0.000226
-1.557959 0.000441
-1.545510 0.001323
-1.523061 0.003651
-1.516327 0.004441
-1.495510 0.002595
-1.485306 0.001292
-1.489796 0.001549
-1.480000 0.000769
-1.480408 0.000851
-1.481633 0.000933
-1.481837 0.000923
-1.491224 0.001805
-1.492245 0.001815
-1.491429 0.002072
-1.514898 0.003744
-1.496735 0.002585
-1.541633 0.001836
-1.536122 0.002503
-1.462857 0.000144
-1.474694 0.000390
-1.485102 0.001149
-1.478980 0.000677
-1.483265 0.001303
-1.488776 0.001651
-1.479796 0.000749
-1.479592 0.000646
-1.499796 0.002933
-1.486122 0.001354
-1.518980 0.004174
-1.479184 0.000892
-1.476531 0.000646
-1.475102 0.000605
-1.498163 0.003005
-1.505102 0.003097
-1.502857 0.003251
-1.497959 0.002626
-1.512449 0.004164
-1.504898 0.003190
-1.512041 0.004031
-1.505714 0.003292
-1.553469 0.000728
-1.546531 0.001138
-1.541020 0.001938
-1.491020 0.001569
-1.487551 0.001456
-1.507143 0.003918
-1.526531 0.003200
-1.505510 0.003908
-1.524490 0.003723
-1.515714 0.004144
-1.496939 0.002615
-1.495306 0.002544
-1.507347 0.003754
-1.481429 0.000892
-1.473469 0.000564
-1.550816 0.000913
-1.545918 0.001241
-1.498980 0.002944
-1.501429 0.003262
-1.499592 0.002718
-1.492857 0.002164
-1.486531 0.001456
-1.483673 0.001179
-1.551837 0.000585
-1.556531 0.000503
-1.551429 0.000944
-1.559184 0.000431
-1.554694 0.000554
-1.563673 0.000267
-1.538776 0.002092
-1.532449 0.002923
-1.542245 0.001826
-1.522041 0.003518
-1.558163 0.000318
-1.554898 0.000615
-1.570204 0.000113
-1.566122 0.000103
-1.558776 0.000297
-1.545306 0.001354
-1.553878 0.000677
-1.551020 0.000954
-1.490204 0.001723
-1.482857 0.000913
-1.480816 0.000933
-1.491633 0.001836
-1.543673 0.001703
-1.562449 0.000215
-1.557551 0.000482
-1.544286 0.001405
-1.542449 0.001682
-1.555510 0.000595
-1.560408 0.000421
-1.566939 0.000144
-1.535714 0.002359
-1.555306 0.000605
-1.544898 0.001487
-1.454694 0.000062
-1.542653 0.001744
-1.556735 0.000574
-1.559592 0.000400
-1.559388 0.000297
-1.552857 0.000667
-1.555102 0.000636
-1.557347 0.000421
-1.555918 0.000359
-1.552653 0.000708
-1.560000 0.000410
-1.565510 0.000144
-1.557755 0.000492
-1.558980 0.000462
-1.548163 0.001169
-1.552449 0.000677
-1.538367 0.002185
-1.547143 0.001303
-1.551224 0.000697
-1.530612 0.003313
-1.498367 0.002626
-1.531633 0.002944
-1.548367 0.001077
-1.547347 0.001190
-1.484490 0.001200
-1.489592 0.001641
-1.551633 0.000872
-1.477551 0.000513
-1.483469 0.001221
-1.468571 0.000256
-1.467959 0.000308
-1.474082 0.000462
-1.471429 0.000287
-1.476327 0.000595
-1.478163 0.000697
-1.464490 0.000174
-1.482245 0.001036
-1.475510 0.000718
-1.470408 0.000308
-1.490408 0.001867
-1.468776 0.000246
-1.472245 0.000256
-1.478776 0.000738
-1.473061 0.000359
-1.488571 0.001795
-1.473673 0.000349
-1.480612 0.000872
-1.468163 0.000205
-1.471633 0.000462
-1.475714 0.000503
-1.464286 0.000144
-1.467347 0.000205
-1.460204 0.000103
-1.466939 0.000277
-1.453061 0.000051
-1.451837 0.000041
-1.457143 0.000082
-1.471837 0.000390
-1.465918 0.000267
-1.458980 0.000072
-1.469184 0.000226
-1.472653 0.000400
-1.469388 0.000205
-1.476735 0.000605
-1.481020 0.000800
-1.474490 0.000513
-1.549388 0.001067
-1.549592 0.000810
-1.474286 0.000492
-1.567755 0.000133
-1.470000 0.000318
-1.482449 0.000913
-1.467551 0.000246
-1.473265 0.000503
-1.538163 0.002000
-1.554082 0.000779
-1.553265 0.000810
-1.553673 0.000646
-1.554286 0.000595
-1.562041 0.000144
-1.564082 0.000144
-1.550000 0.000913
-1.553061 0.000636
-1.562245 0.000246
-1.568163 0.000103
-1.560612 0.000421
-1.570408 0.000092
-1.555714 0.000533
-1.570000 0.000082
-1.570816 0.000092
-1.572041 0.000072
-1.472041 0.000492
-1.457755 0.000072
-1.472857 0.000359
-1.476939 0.000615
-1.581633 0.000031
-1.478367 0.000779
-1.475918 0.000615
-1.479388 0.000656
-1.578571 0.000031
-1.583469 0.000021
-1.566531 0.000154
-1.557143 0.000359
-1.562653 0.000236
-1.567143 0.000103
-1.567959 0.000144
-1.564286 0.000133
-1.568776 0.000113
-1.465714 0.000226
-1.568571 0.000092
-1.467755 0.000215
-1.561429 0.000226
-1.558367 0.000379
-1.571020 0.000051
-1.565306 0.000226
-1.548980 0.000923
-1.563061 0.000226
-1.568980 0.000072
-1.582653 0.000021
-1.562857 0.000256
-1.558571 0.000349
-1.566735 0.000144
-1.561633 0.000174
-1.560204 0.000318
-1.564898 0.000123
-1.573673 0.000062
-1.561837 0.000164
-1.569592 0.000133
-1.573469 0.000021
-1.463673 0.000174
-1.571837 0.000072
-1.560816 0.000287
-1.569388 0.000062
-1.561224 0.000215
-1.564490 0.000103
-1.552245 0.000667
-1.573061 0.000092
-1.572857 0.000041
-1.466531 0.000174
-1.565102 0.000113
-1.574286 0.000041
-1.458571 0.000072
-1.460816 0.000123
-1.459592 0.000103
-1.450612 0.000031
-1.455918 0.000051
-1.463469 0.000154
-1.461837 0.000123
-1.478571 0.000718
-1.453673 0.000051
-1.466735 0.000246
-1.457347 0.000062
-1.470204 0.000328
-1.464694 0.000195
-1.464898 0.000154
-1.466122 0.000185
-1.457959 0.000113
-1.456327 0.000062
-1.462449 0.000082
-1.448163 0.000021
-1.455510 0.000051
-1.461633 0.000041
-1.445510 0.000031
-1.470816 0.000277
-1.459796 0.000041
-1.447959 0.000021
-1.451224 0.000010
-1.460612 0.000082
-1.442041 0.000021
-1.449592 0.000041
-1.462653 0.000113
-1.465510 0.000154
-1.569184 0.000103
-1.568367 0.000082
-1.454490 0.000041
-1.446122 0.000031
-1.467143 0.000154
-1.474898 0.000441
-1.458367 0.000041
-1.565714 0.000133
-1.571429 0.000082
-1.571633 0.000082
-1.567551 0.000144
-1.567347 0.000113
-1.563469 0.000154
-1.574490 0.000041
-1.462041 0.000154
-1.465102 0.000195
-1.476122 0.000410
-1.465306 0.000154
-1.577143 0.000062
-1.566327 0.000123
-1.463265 0.000185
-1.468367 0.000205
-1.466327 0.000246
-1.458776 0.000154
-1.563878 0.000164
-1.469592 0.000287
-1.463878 0.000103
-1.448571 0.000031
-1.455714 0.000062
-1.460000 0.000113
-1.454286 0.000031
-1.461020 0.000062
-1.575306 0.000010
-1.565918 0.000246
-1.577755 0.000031
-1.460408 0.000123
-1.459184 0.000062
-1.455102 0.000062
-1.457551 0.000051
-1.458163 0.000041
-1.574694 0.000041
-1.575510 0.000021
-1.578367 0.000021
-1.456122 0.000062
-1.454898 0.000062
-1.443878 0.000010
-1.461224 0.000082
-1.461429 0.000113
-1.574082 0.000021
-1.578980 0.000010
-1.574898 0.000031
-1.579184 0.000021
-1.584286 0.000021
-1.575714 0.000031
-1.580204 0.000010
-1.576122 0.000031
-1.573265 0.000031
-1.580816 0.000021
-1.572449 0.000062
-1.570612 0.000062
-1.453265 0.000031
-1.571224 0.000051
-1.575102 0.000021
-1.468980 0.000154
-1.581224 0.000021
-1.431224 0.000010
-1.456939 0.000051
-1.452653 0.000031
-1.447551 0.000041
-1.452041 0.000041
-1.451633 0.000010
-1.447755 0.000010
-1.443469 0.000010
-1.569796 0.000092
-1.578163 0.000021
-1.448367 0.000010
-1.429184 0.000010
-1.456735 0.000051
-1.580612 0.000021
-1.577551 0.000010
-1.455306 0.000062
-1.444898 0.000031
-1.454082 0.000031
-1.441429 0.000021
-1.452245 0.000021
-1.453469 0.000031
-1.449184 0.000021
-1.449796 0.000010
-1.441020 0.000010
-1.445918 0.000021
-1.446327 0.000021
-1.443265 0.000010
-1.448776 0.000010
-1.444286 0.000010
-1.451020 0.000010
-1.430000 0.000010
-1.444694 0.000010
-1.429592 0.000010
-1.450204 0.000031
-1.442449 0.000010
-1.445102 0.000010
-1.447347 0.000010
-1.576327 0.000031
-1.446939 0.000010
-1.583265 0.000021
-1.441224 0.000010
-1.580408 0.000021
-1.443673 0.000010
-1.462245 0.000062
-1.576939 0.000010
-1.573878 0.000010
-1.575918 0.000021
-1.576735 0.000021
-1.450000 0.000010
-1.582449 0.000010
-1.594490 0.000010
-1.443061 0.000010
-1.445306 0.000021
-1.450816 0.000021
-1.572653 0.000021
-1.586122 0.000010
-1.585714 0.000010
-1.587755 0.000010
-1.576531 0.000021
-1.577347 0.000021
-1.452857 0.000031
-1.581429 0.000010
-1.572245 0.000010
-1.451429 0.000010
-1.582857 0.000010
-1.591429 0.000010
-1.578776 0.000010
-1.439388 0.000010
0.000000 816.156564
