-2456.000000 1409
-2576.000000 775
-2536.000000 1169
-2496.000000 1399
-2460.000000 1498
-2484.000000 1375
-2564.000000 954
-2628.000000 409
-2732.000000 30
-2652.000000 233
-2692.000000 89
-2676.000000 133
-2716.000000 37
-2720.000000 40
-2632.000000 339
-2704.000000 74
-2708.000000 46
-2688.000000 102
-2648.000000 273
-2668.000000 165
-2568.000000 821
-2604.000000 570
-2544.000000 1083
-2556.000000 961
-2612.000000 496
-2524.000000 1249
-2476.000000 1447
-2480.000000 1444
-2588.000000 703
-2532.000000 1256
-2572.000000 848
-2616.000000 457
-2560.000000 970
-2500.000000 1312
-2396.000000 1203
-2416.000000 1248
-2408.000000 1259
-2364.000000 898
-2504.000000 1334
-2528.000000 1150
-2640.000000 298
-2548.000000 1081
-2600.000000 540
-2580.000000 765
-2492.000000 1412
-2488.000000 1434
-2432.000000 1387
-2520.000000 1244
-2620.000000 450
-2672.000000 145
-2552.000000 1049
-2540.000000 1114
-2472.000000 1472
-2428.000000 1318
-2452.000000 1464
-2512.000000 1329
-2464.000000 1445
-2440.000000 1375
-2424.000000 1291
-2320.000000 646
-2312.000000 619
-2448.000000 1445
-2508.000000 1279
-2516.000000 1280
-2348.000000 852
-2404.000000 1172
-2436.000000 1334
-2444.000000 1406
-2372.000000 1004
-2384.000000 1149
-2400.000000 1134
-2344.000000 741
-2292.000000 467
-2200.000000 146
-2268.000000 305
-2220.000000 198
-2288.000000 437
-2284.000000 397
-2328.000000 650
-2388.000000 1042
-2336.000000 751
-2352.000000 873
-2340.000000 734
-2244.000000 262
-2248.000000 259
-2468.000000 1496
-2420.000000 1371
-2380.000000 1078
-2332.000000 703
-2260.000000 304
-2240.000000 240
-2184.000000 125
-2300.000000 508
-2356.000000 837
-2624.000000 379
-2596.000000 589
-2592.000000 632
-2748.000000 19
-2608.000000 520
-2664.000000 186
-2584.000000 716
-2272.000000 373
-2296.000000 456
-2412.000000 1277
-2392.000000 1154
-2360.000000 966
-2376.000000 1043
-2644.000000 274
-2280.000000 390
-2236.000000 237
-2192.000000 133
-2232.000000 254
-2276.000000 400
-2316.000000 616
-2168.000000 89
-2140.000000 48
-2308.000000 553
-2204.000000 154
-2224.000000 190
-2160.000000 71
-2188.000000 119
-2256.000000 296
-2304.000000 525
-2136.000000 50
-2264.000000 303
-2228.000000 188
-2144.000000 52
-2208.000000 156
-2164.000000 76
-2180.000000 105
-2252.000000 248
-2216.000000 191
-2324.000000 680
-2368.000000 941
-2636.000000 330
-2660.000000 208
-2656.000000 183
-2740.000000 25
-2696.000000 80
-2760.000000 12
-2788.000000 5
-2680.000000 123
-2700.000000 82
-2728.000000 33
-2212.000000 192
-2684.000000 105
-2196.000000 130
-2128.000000 43
-2124.000000 41
-2176.000000 102
-2096.000000 34
-2156.000000 80
-2172.000000 86
-2736.000000 28
-2024.000000 7
-2040.000000 9
-2092.000000 17
-2148.000000 62
-2108.000000 40
-2152.000000 58
-2132.000000 54
-2744.000000 19
-2764.000000 8
-2852.000000 1
-2828.000000 1
-2724.000000 30
-2784.000000 3
-2712.000000 46
-2752.000000 10
-2776.000000 4
-2756.000000 7
-2804.000000 2
-2088.000000 16
-2080.000000 22
-2116.000000 40
-2820.000000 4
-2072.000000 18
-2100.000000 26
-2104.000000 35
-2048.000000 9
-2004.000000 2
-1960.000000 3
-1992.000000 3
-2028.000000 7
-1964.000000 1
-1956.000000 3
-1972.000000 1
-2016.000000 7
-2112.000000 35
-2084.000000 22
-2012.000000 4
-2044.000000 6
-1924.000000 1
-1952.000000 1
-1948.000000 2
-2052.000000 11
-2056.000000 12
-2032.000000 7
-2064.000000 10
-2120.000000 40
-1968.000000 3
-2060.000000 12
-1988.000000 5
-2068.000000 13
-2780.000000 5
-2020.000000 4
-2008.000000 2
-2076.000000 10
-1980.000000 1
-1984.000000 2
-1976.000000 1
-2000.000000 2
-2036.000000 8
-1932.000000 1
-2768.000000 6
-2840.000000 1
-2772.000000 5
-2808.000000 1
-2796.000000 3
-2792.000000 2
-2800.000000 1
-2816.000000 1
0.000000 1555585625
