-1.270000 0.025056
-1.470000 0.008133
-1.430000 0.011067
-1.340000 0.019344
-1.380000 0.015395
-1.290000 0.024236
-1.420000 0.012000
-1.330000 0.019938
-1.410000 0.013159
-1.400000 0.013128
-1.390000 0.014779
-1.360000 0.018103
-1.460000 0.008985
-1.500000 0.005764
-1.490000 0.006769
-1.440000 0.010718
-1.280000 0.024708
-1.190000 0.027026
-1.350000 0.017631
-1.570000 0.002687
-1.310000 0.021333
-1.300000 0.023149
-1.450000 0.009477
-1.320000 0.020338
-1.510000 0.005364
-1.540000 0.003733
-1.240000 0.026985
-1.480000 0.007579
-1.140000 0.023815
-1.250000 0.025364
-1.160000 0.026379
-1.230000 0.026759
-1.580000 0.002082
-1.110000 0.020841
-1.200000 0.027641
-1.260000 0.025251
-1.180000 0.028195
-1.220000 0.027272
-1.120000 0.022749
-1.060000 0.014749
-1.170000 0.027631
-1.210000 0.026872
-1.370000 0.016738
-1.070000 0.015703
-1.100000 0.019774
-1.130000 0.024379
-1.040000 0.012308
-1.090000 0.018964
-1.080000 0.017754
-1.150000 0.024892
-1.520000 0.005046
-1.560000 0.003118
-1.610000 0.001303
-1.690000 0.000226
-1.650000 0.000769
-1.550000 0.003487
-1.600000 0.001364
-1.530000 0.004226
-1.630000 0.000790
-1.000000 0.006964
-0.940000 0.002359
-1.020000 0.009497
-0.960000 0.003600
-1.030000 0.010092
-0.990000 0.005877
-0.980000 0.005077
-1.010000 0.008062
-0.930000 0.001867
-1.050000 0.013149
-0.950000 0.003108
-0.970000 0.004277
-1.710000 0.000195
-1.620000 0.001241
-0.900000 0.001138
-0.850000 0.000226
-0.920000 0.001651
-0.910000 0.001179
-0.890000 0.000862
-0.870000 0.000554
-1.670000 0.000349
-1.660000 0.000462
-1.720000 0.000062
-1.590000 0.001897
-1.640000 0.000708
-0.830000 0.000164
-0.880000 0.000728
-1.680000 0.000390
-0.860000 0.000349
-0.750000 0.000031
-1.700000 0.000185
-1.730000 0.000082
-0.840000 0.000164
-1.800000 0.000031
-1.740000 0.000051
-1.750000 0.000010
-0.780000 0.000021
-1.840000 0.000010
-0.820000 0.000062
-0.800000 0.000051
-0.760000 0.000031
-0.810000 0.000072
-1.770000 0.000031
-1.780000 0.000021
-1.790000 0.000021
-1.760000 0.000021
-1.820000 0.000010
0.000000 21802.768421
