-2792.000000 609
-2804.000000 438
-2692.000000 1859
-2688.000000 1872
-2656.000000 1905
-2680.000000 1988
-2712.000000 1683
-2732.000000 1514
-2756.000000 1154
-2724.000000 1606
-2704.000000 1783
-2728.000000 1524
-2744.000000 1308
-2648.000000 1866
-2660.000000 1888
-2668.000000 1926
-2716.000000 1669
-2784.000000 676
-2764.000000 1001
-2800.000000 498
-2780.000000 740
-2768.000000 959
-2720.000000 1653
-2676.000000 1959
-2828.000000 251
-2748.000000 1275
-2580.000000 1006
-2616.000000 1477
-2620.000000 1482
-2568.000000 855
-2532.000000 470
-2684.000000 1925
-2696.000000 1850
-2700.000000 1867
-2820.000000 295
-2776.000000 834
-2608.000000 1395
-2628.000000 1625
-2612.000000 1462
-2636.000000 1738
-2624.000000 1624
-2672.000000 1941
-2740.000000 1408
-2772.000000 840
-2752.000000 1171
-2644.000000 1840
-2640.000000 1706
-2600.000000 1338
-2760.000000 1039
-2632.000000 1676
-2592.000000 1188
-2548.000000 665
-2544.000000 611
-2536.000000 491
-2504.000000 268
-2524.000000 394
-2588.000000 1167
-2572.000000 851
-2560.000000 776
-2512.000000 312
-2516.000000 354
-2484.000000 170
-2652.000000 1844
-2664.000000 1888
-2584.000000 1039
-2596.000000 1218
-2604.000000 1308
-2576.000000 992
-2556.000000 680
-2500.000000 228
-2448.000000 62
-2420.000000 26
-2736.000000 1459
-2708.000000 1794
-2528.000000 469
-2464.000000 106
-2552.000000 685
-2564.000000 786
-2864.000000 81
-2916.000000 9
-2848.000000 130
-2860.000000 87
-2788.000000 666
-2880.000000 48
-2480.000000 144
-2468.000000 112
-2488.000000 175
-2496.000000 215
-2408.000000 21
-2396.000000 9
-2492.000000 210
-2508.000000 292
-2456.000000 77
-2520.000000 380
-2812.000000 357
-2808.000000 412
-2844.000000 155
-2796.000000 512
-2836.000000 177
-2832.000000 221
-2896.000000 22
-2868.000000 68
-2816.000000 359
-2476.000000 164
-2540.000000 510
-2876.000000 34
-2824.000000 253
-2892.000000 26
-2872.000000 45
-2472.000000 127
-2852.000000 111
-2460.000000 87
-2432.000000 49
-2840.000000 170
-2440.000000 61
-2452.000000 68
-2436.000000 45
-2424.000000 23
-2392.000000 8
-2368.000000 5
-2412.000000 18
-2444.000000 59
-2856.000000 97
-2900.000000 16
-2888.000000 34
-2428.000000 42
-2416.000000 23
-2400.000000 17
-2924.000000 4
-2904.000000 10
-2884.000000 29
-2912.000000 12
-2352.000000 8
-2920.000000 4
-2932.000000 5
-2404.000000 22
-2936.000000 2
-2908.000000 9
-2328.000000 2
-2956.000000 1
-2940.000000 2
-2928.000000 5
-2348.000000 3
-2388.000000 6
-2376.000000 3
-2364.000000 7
-2384.000000 13
-2380.000000 3
-2340.000000 4
-2356.000000 1
-2280.000000 1
-2264.000000 1
-2344.000000 2
-2320.000000 1
-2336.000000 1
-2360.000000 2
-2952.000000 1
-2964.000000 1
-2332.000000 1
-2300.000000 1
-2372.000000 3
-3000.000000 1
0.000000 -1896333123
