-2508.000000 1582
-2612.000000 1010
-2512.000000 1470
-2500.000000 1439
-2488.000000 1446
-2524.000000 1561
-2552.000000 1486
-2648.000000 621
-2744.000000 70
-2688.000000 298
-2684.000000 328
-2732.000000 116
-2768.000000 43
-2680.000000 347
-2724.000000 127
-2712.000000 192
-2692.000000 274
-2616.000000 882
-2628.000000 786
-2652.000000 567
-2660.000000 479
-2572.000000 1361
-2536.000000 1533
-2556.000000 1419
-2604.000000 1038
-2580.000000 1266
-2568.000000 1303
-2636.000000 704
-2592.000000 1200
-2472.000000 1389
-2404.000000 892
-2468.000000 1390
-2432.000000 1104
-2428.000000 1066
-2600.000000 1090
-2576.000000 1280
-2664.000000 456
-2676.000000 437
-2632.000000 767
-2700.000000 228
-2560.000000 1410
-2544.000000 1463
-2504.000000 1448
-2516.000000 1568
-2464.000000 1282
-2448.000000 1238
-2528.000000 1532
-2584.000000 1281
-2492.000000 1470
-2644.000000 601
-2564.000000 1394
-2548.000000 1525
-2608.000000 979
-2480.000000 1401
-2532.000000 1536
-2484.000000 1393
-2476.000000 1412
-2588.000000 1191
-2520.000000 1545
-2324.000000 300
-2340.000000 416
-2540.000000 1476
-2460.000000 1226
-2388.000000 724
-2496.000000 1581
-2456.000000 1265
-2384.000000 685
-2316.000000 266
-2412.000000 863
-2360.000000 533
-2376.000000 649
-2444.000000 1163
-2620.000000 839
-2424.000000 1081
-2368.000000 565
-2348.000000 448
-2344.000000 431
-2280.000000 141
-2256.000000 108
-2332.000000 365
-2416.000000 952
-2252.000000 93
-2200.000000 29
-2288.000000 170
-2308.000000 232
-2372.000000 579
-2328.000000 320
-2296.000000 192
-2352.000000 440
-2336.000000 357
-2320.000000 272
-2420.000000 988
-2400.000000 826
-2440.000000 1182
-2392.000000 739
-2396.000000 754
-2640.000000 708
-2824.000000 5
-2656.000000 509
-2624.000000 856
-2364.000000 563
-2436.000000 1132
-2596.000000 1117
-2720.000000 142
-2668.000000 443
-2728.000000 110
-2672.000000 377
-2284.000000 176
-2276.000000 144
-2312.000000 245
-2272.000000 123
-2232.000000 59
-2216.000000 39
-2192.000000 33
-2144.000000 17
-2212.000000 51
-2356.000000 520
-2452.000000 1253
-2408.000000 886
-2380.000000 663
-2704.000000 220
-2772.000000 33
-2760.000000 37
-2764.000000 40
-2748.000000 54
-2740.000000 85
-2716.000000 155
-2696.000000 272
-2292.000000 170
-2776.000000 23
-2736.000000 81
-2808.000000 6
-2264.000000 132
-2268.000000 125
-2784.000000 27
-2756.000000 49
-2796.000000 14
-2828.000000 5
-2300.000000 237
-2304.000000 227
-2708.000000 196
-2224.000000 48
-2220.000000 54
-2196.000000 31
-2248.000000 94
-2752.000000 58
-2208.000000 40
-2188.000000 29
-2260.000000 90
-2244.000000 86
-2228.000000 71
-2176.000000 25
-2172.000000 22
-2160.000000 17
-2124.000000 10
-2112.000000 9
-2120.000000 11
-2180.000000 32
-2096.000000 3
-2092.000000 1
-2084.000000 4
-2240.000000 82
-2128.000000 11
-2152.000000 17
-2236.000000 59
-2100.000000 3
-2184.000000 24
-2156.000000 10
-2148.000000 19
-2168.000000 21
-2788.000000 18
-2792.000000 11
-2820.000000 3
-2800.000000 6
-2812.000000 2
-2204.000000 33
-2080.000000 5
-2164.000000 22
-2780.000000 16
-2132.000000 7
-2140.000000 8
-2052.000000 4
-2116.000000 8
-2104.000000 4
-1980.000000 2
-2136.000000 8
-2804.000000 6
-2832.000000 2
-2816.000000 2
-2108.000000 4
-2072.000000 3
-2076.000000 3
-2864.000000 1
-2068.000000 1
-2836.000000 1
-2852.000000 1
-2088.000000 2
-2064.000000 2
-2048.000000 1
-2044.000000 1
-2036.000000 1
-2000.000000 3
-2840.000000 1
-2012.000000 1
-2868.000000 1
-2844.000000 1
0.000000 -1896333123
