-2852.000000 1306
-2872.000000 892
-2748.000000 1984
-2760.000000 2109
-2776.000000 2180
-2784.000000 2192
-2788.000000 2322
-2780.000000 2260
-2824.000000 1851
-2844.000000 1472
-2828.000000 1739
-2816.000000 1933
-2796.000000 2298
-2772.000000 2166
-2792.000000 2206
-2808.000000 2161
-2744.000000 1982
-2764.000000 2199
-2888.000000 639
-2896.000000 513
-2864.000000 1053
-2884.000000 662
-2860.000000 1112
-2836.000000 1697
-2740.000000 1800
-2876.000000 824
-2768.000000 2167
-2732.000000 1726
-2668.000000 648
-2708.000000 1279
-2660.000000 555
-2704.000000 1253
-2756.000000 2043
-2716.000000 1455
-2720.000000 1472
-2696.000000 1130
-2712.000000 1408
-2688.000000 971
-2724.000000 1573
-2832.000000 1740
-2812.000000 2026
-2840.000000 1579
-2804.000000 2117
-2856.000000 1255
-2680.000000 817
-2752.000000 2047
-2616.000000 181
-2612.000000 194
-2676.000000 779
-2728.000000 1712
-2664.000000 631
-2800.000000 2088
-2636.000000 346
-2684.000000 910
-2608.000000 169
-2820.000000 1958
-2692.000000 1032
-2868.000000 951
-2652.000000 464
-2736.000000 1753
-2656.000000 493
-2596.000000 115
-2568.000000 39
-2560.000000 34
-2620.000000 216
-2576.000000 56
-2848.000000 1361
-2920.000000 235
-2912.000000 322
-2904.000000 382
-2648.000000 428
-2880.000000 707
-2976.000000 20
-2928.000000 177
-2944.000000 84
-2908.000000 352
-2892.000000 550
-2936.000000 123
-2988.000000 6
-2900.000000 463
-2924.000000 230
-2700.000000 1145
-2640.000000 360
-2624.000000 235
-2544.000000 16
-2556.000000 25
-2644.000000 395
-2628.000000 241
-2964.000000 39
-2672.000000 740
-2916.000000 273
-2600.000000 141
-2572.000000 37
-2592.000000 82
-2940.000000 116
-2580.000000 59
-2540.000000 19
-3004.000000 3
-2956.000000 46
-2932.000000 134
-2952.000000 77
-2960.000000 50
-2972.000000 38
-3000.000000 6
-2948.000000 68
-2604.000000 114
-2588.000000 87
-2584.000000 78
-2632.000000 263
-2564.000000 40
-2968.000000 29
-2548.000000 24
-2552.000000 18
-2516.000000 9
-2992.000000 10
-2508.000000 4
-2524.000000 9
-2500.000000 3
-2996.000000 5
-2980.000000 11
-2536.000000 11
-2480.000000 2
-2484.000000 4
-2496.000000 2
-2984.000000 13
-2520.000000 6
-3012.000000 4
-3020.000000 3
-2532.000000 9
-3008.000000 1
-2528.000000 8
-2504.000000 4
-2464.000000 1
-2476.000000 2
-2512.000000 4
-2472.000000 2
-2492.000000 1
-3044.000000 1
0.000000 -1896333123
