-2720.000000 1087
-2740.000000 875
-2620.000000 1792
-2612.000000 1719
-2596.000000 1588
-2624.000000 1716
-2648.000000 1928
-2708.000000 1376
-2696.000000 1521
-2684.000000 1642
-2716.000000 1214
-2736.000000 1013
-2640.000000 1842
-2688.000000 1578
-2704.000000 1346
-2656.000000 1826
-2660.000000 1817
-2644.000000 1822
-2752.000000 742
-2744.000000 842
-2800.000000 245
-2756.000000 675
-2748.000000 789
-2700.000000 1531
-2664.000000 1706
-2812.000000 164
-2732.000000 1046
-2712.000000 1268
-2668.000000 1762
-2628.000000 1829
-2536.000000 857
-2584.000000 1417
-2588.000000 1457
-2544.000000 1031
-2508.000000 562
-2680.000000 1681
-2768.000000 498
-2780.000000 418
-2728.000000 1128
-2608.000000 1697
-2652.000000 1821
-2540.000000 955
-2592.000000 1557
-2604.000000 1651
-2564.000000 1218
-2632.000000 1926
-2636.000000 1906
-2672.000000 1691
-2760.000000 629
-2568.000000 1312
-2528.000000 814
-2516.000000 647
-2488.000000 395
-2492.000000 468
-2556.000000 1100
-2572.000000 1315
-2552.000000 1082
-2560.000000 1159
-2616.000000 1724
-2468.000000 289
-2448.000000 179
-2524.000000 714
-2484.000000 358
-2476.000000 345
-2548.000000 1020
-2480.000000 357
-2472.000000 275
-2580.000000 1369
-2600.000000 1655
-2452.000000 171
-2440.000000 156
-2376.000000 21
-2368.000000 24
-2424.000000 112
-2464.000000 287
-2532.000000 864
-2576.000000 1319
-2692.000000 1585
-2676.000000 1745
-2512.000000 597
-2724.000000 1140
-2848.000000 48
-2772.000000 505
-2808.000000 188
-2796.000000 275
-2816.000000 148
-2504.000000 523
-2436.000000 149
-2428.000000 112
-2460.000000 220
-2372.000000 20
-2360.000000 13
-2324.000000 6
-2408.000000 63
-2444.000000 183
-2432.000000 136
-2388.000000 47
-2392.000000 43
-2340.000000 13
-2304.000000 3
-2348.000000 16
-2356.000000 14
-2268.000000 2
-2256.000000 2
-2300.000000 2
-2288.000000 4
-2400.000000 52
-2364.000000 15
-2500.000000 501
-2496.000000 492
-2384.000000 27
-2380.000000 32
-2336.000000 10
-2404.000000 63
-2416.000000 100
-2836.000000 73
-2520.000000 693
-2792.000000 331
-2764.000000 577
-2776.000000 449
-2804.000000 196
-2856.000000 49
-2880.000000 12
-2860.000000 30
-2788.000000 369
-2820.000000 158
-2456.000000 235
-2784.000000 372
-2832.000000 94
-2828.000000 103
-2844.000000 51
-2876.000000 18
-2420.000000 109
-2888.000000 13
-2824.000000 136
-2868.000000 25
-2412.000000 69
-2352.000000 16
-2396.000000 43
-2840.000000 66
-2864.000000 35
-2892.000000 5
-2872.000000 20
-2332.000000 8
-2344.000000 13
-2852.000000 46
-2896.000000 6
-2920.000000 4
-2904.000000 3
-2924.000000 1
-2884.000000 10
-2908.000000 4
-2264.000000 1
-2900.000000 3
-2292.000000 3
-2912.000000 4
-2316.000000 1
-2320.000000 4
-2328.000000 4
-2296.000000 5
-2272.000000 1
-2284.000000 1
-2916.000000 2
-2312.000000 2
-2948.000000 1
-2308.000000 1
0.000000 -1896333123
