-1.375000 0.011118
-1.352500 0.009949
-1.330000 0.008851
-1.325000 0.008831
-1.337500 0.009200
-1.357500 0.010574
-1.415000 0.011754
-1.477500 0.008133
-1.492500 0.006626
-1.490000 0.007179
-1.452500 0.009426
-1.472500 0.008492
-1.480000 0.007805
-1.447500 0.010687
-1.475000 0.007723
-1.457500 0.009415
-1.387500 0.011928
-1.405000 0.011744
-1.400000 0.011415
-1.347500 0.010256
-1.385000 0.011487
-1.440000 0.010441
-1.425000 0.011231
-1.462500 0.009262
-1.432500 0.010585
-1.412500 0.011518
-1.377500 0.011046
-1.512500 0.004985
-1.437500 0.010595
-1.382500 0.011877
-1.360000 0.010769
-1.365000 0.011344
-1.370000 0.012000
-1.285000 0.004585
-1.332500 0.008974
-1.295000 0.006062
-1.265000 0.003456
-1.255000 0.002923
-1.252500 0.003036
-1.270000 0.004328
-1.262500 0.003549
-1.240000 0.002010
-1.300000 0.006626
-1.322500 0.008800
-1.320000 0.007897
-1.395000 0.012328
-1.410000 0.011621
-1.455000 0.009938
-1.465000 0.008615
-1.427500 0.010841
-1.450000 0.009723
-1.397500 0.011518
-1.342500 0.009344
-1.355000 0.010287
-1.420000 0.011456
-1.362500 0.011159
-1.392500 0.011795
-1.380000 0.011272
-1.417500 0.011200
-1.422500 0.010862
-1.407500 0.011200
-1.430000 0.010810
-1.482500 0.007251
-1.367500 0.011303
-1.350000 0.010318
-1.340000 0.009477
-1.345000 0.009364
-1.335000 0.009221
-1.287500 0.005621
-1.390000 0.011292
-1.435000 0.010933
-1.445000 0.010297
-1.460000 0.009508
-1.500000 0.005436
-1.520000 0.004256
-1.442500 0.011046
-1.467500 0.008769
-1.495000 0.006123
-1.517500 0.004390
-1.497500 0.006379
-1.515000 0.004441
-1.402500 0.012144
-1.310000 0.007426
-1.502500 0.005549
-1.372500 0.011446
-1.552500 0.002123
-1.317500 0.007754
-1.507500 0.005118
-1.540000 0.002410
-1.485000 0.006964
-1.525000 0.003467
-1.542500 0.002769
-1.530000 0.003313
-1.545000 0.002246
-1.307500 0.007015
-1.315000 0.007733
-1.312500 0.007538
-1.305000 0.006574
-1.487500 0.007036
-1.522500 0.003815
-1.555000 0.001703
-1.532500 0.003241
-1.505000 0.005805
-1.537500 0.002903
-1.470000 0.008964
-1.575000 0.001015
-1.577500 0.001077
-1.567500 0.001200
-1.582500 0.000697
-1.557500 0.001374
-1.510000 0.004769
-1.302500 0.006051
-1.292500 0.005713
-1.280000 0.004451
-1.327500 0.008779
-1.282500 0.005231
-1.260000 0.003600
-1.297500 0.006000
-1.257500 0.002995
-1.290000 0.004913
-1.275000 0.004287
-1.277500 0.004841
-1.250000 0.002359
-1.200000 0.000821
-1.247500 0.002544
-1.217500 0.000964
-1.230000 0.001774
-1.220000 0.001149
-1.245000 0.002328
-1.227500 0.001600
-1.155000 0.000164
-1.235000 0.001877
-1.237500 0.001774
-1.272500 0.004226
-1.232500 0.001764
-1.267500 0.003918
-1.195000 0.000523
-1.215000 0.001036
-1.197500 0.000574
-1.210000 0.000821
-1.242500 0.002400
-1.222500 0.001538
-1.205000 0.000821
-1.180000 0.000462
-1.165000 0.000144
-1.207500 0.000790
-1.192500 0.000615
-1.212500 0.000944
-1.140000 0.000051
-1.190000 0.000451
-1.225000 0.001221
-1.187500 0.000462
-1.170000 0.000215
-1.175000 0.000205
-1.185000 0.000451
-1.177500 0.000308
-1.172500 0.000226
-1.202500 0.000605
-1.527500 0.003303
-1.547500 0.002082
-1.550000 0.002277
-1.535000 0.002831
-1.617500 0.000246
-1.565000 0.001303
-1.570000 0.001128
-1.562500 0.001159
-1.580000 0.000708
-1.590000 0.000646
-1.592500 0.000615
-1.597500 0.000328
-1.625000 0.000154
-1.627500 0.000133
-1.585000 0.000585
-1.600000 0.000513
-1.572500 0.001087
-1.560000 0.001559
-1.665000 0.000010
-1.587500 0.000615
-1.637500 0.000072
-1.595000 0.000513
-1.620000 0.000164
-1.610000 0.000215
-1.602500 0.000236
-1.652500 0.000041
-1.672500 0.000021
-1.670000 0.000021
-1.615000 0.000164
-1.647500 0.000051
-1.605000 0.000359
-1.622500 0.000113
-1.642500 0.000103
-1.607500 0.000318
-1.645000 0.000062
-1.160000 0.000082
-1.142500 0.000031
-1.167500 0.000154
-1.152500 0.000123
-1.150000 0.000072
-1.157500 0.000113
-1.630000 0.000154
-1.660000 0.000041
-1.182500 0.000390
-1.147500 0.000103
-1.162500 0.000133
-1.612500 0.000226
-1.632500 0.000082
-1.650000 0.000031
-1.122500 0.000010
-1.640000 0.000031
-1.137500 0.000051
-1.110000 0.000010
-1.135000 0.000031
-1.635000 0.000051
-1.145000 0.000082
-1.115000 0.000031
-1.112500 0.000010
-1.127500 0.000021
-1.117500 0.000010
-1.125000 0.000010
-1.667500 0.000010
-1.657500 0.000010
-1.662500 0.000010
-1.655000 0.000021
-1.102500 0.000010
-1.132500 0.000031
-1.130000 0.000021
-1.072500 0.000010
-1.702500 0.000010
0.000000 11331.593641
