-16776.000000 635
-16956.000000 738
-16936.000000 724
-17028.000000 700
-17108.000000 446
-17184.000000 280
-17088.000000 543
-17288.000000 116
-17124.000000 473
-17076.000000 554
-16908.000000 793
-16808.000000 692
-16716.000000 493
-16940.000000 810
-17168.000000 332
-17172.000000 326
-17052.000000 609
-17152.000000 380
-16924.000000 768
-16888.000000 789
-16812.000000 708
-16896.000000 809
-16800.000000 643
-16704.000000 435
-16740.000000 532
-16724.000000 529
-16788.000000 680
-16840.000000 801
-16620.000000 272
-16852.000000 784
-16736.000000 528
-16872.000000 801
-16848.000000 781
-16992.000000 748
-17048.000000 584
-17060.000000 614
-17120.000000 413
-16948.000000 850
-16944.000000 766
-17140.000000 377
-17132.000000 397
-17264.000000 170
-17232.000000 189
-17128.000000 442
-17300.000000 94
-17080.000000 534
-17396.000000 26
-17360.000000 36
-17156.000000 321
-17148.000000 334
-17368.000000 34
-17100.000000 477
-16904.000000 834
-16900.000000 811
-17024.000000 655
-16856.000000 815
-16932.000000 797
-16920.000000 837
-16756.000000 608
-16820.000000 745
-17012.000000 700
-16884.000000 780
-16828.000000 821
-16912.000000 746
-16804.000000 714
-16748.000000 594
-16968.000000 781
-16892.000000 793
-16844.000000 759
-16780.000000 626
-16876.000000 786
-16796.000000 666
-16708.000000 502
-16656.000000 350
-16832.000000 781
-16552.000000 168
-16508.000000 104
-16636.000000 289
-16640.000000 332
-16448.000000 50
-16396.000000 27
-16772.000000 622
-17020.000000 654
-16960.000000 818
-16792.000000 686
-17004.000000 683
-16684.000000 371
-16728.000000 524
-16824.000000 746
-16512.000000 103
-16544.000000 139
-16436.000000 55
-16432.000000 49
-16664.000000 356
-16696.000000 478
-16880.000000 756
-16784.000000 637
-16624.000000 282
-16576.000000 182
-16580.000000 208
-16692.000000 448
-16980.000000 731
-16744.000000 574
-16628.000000 273
-16996.000000 750
-17056.000000 589
-16964.000000 771
-16984.000000 738
-17144.000000 401
-16916.000000 790
-16976.000000 749
-16688.000000 402
-16764.000000 641
-16928.000000 786
-17104.000000 491
-17176.000000 262
-17188.000000 263
-17208.000000 225
-17272.000000 122
-17096.000000 532
-17276.000000 119
-17328.000000 82
-16988.000000 768
-17072.000000 577
-17084.000000 520
-16952.000000 835
-17016.000000 662
-17348.000000 47
-17224.000000 213
-17412.000000 26
-17252.000000 152
-17336.000000 69
-17244.000000 163
-17420.000000 19
-17456.000000 12
-17092.000000 481
-17116.000000 394
-17260.000000 154
-17180.000000 272
-17112.000000 448
-17192.000000 258
-17468.000000 12
-17284.000000 121
-17304.000000 80
-17236.000000 186
-17228.000000 159
-16700.000000 467
-16868.000000 783
-16864.000000 808
-16760.000000 556
-17332.000000 63
-16548.000000 163
-16424.000000 38
-16588.000000 208
-17044.000000 626
-17040.000000 616
-17164.000000 319
-17032.000000 656
-16752.000000 573
-16672.000000 459
-17196.000000 254
-17000.000000 725
-17268.000000 138
-16680.000000 405
-17036.000000 627
-17352.000000 58
-17400.000000 25
-17440.000000 13
-17324.000000 71
-17064.000000 608
-17312.000000 71
-17340.000000 51
-17256.000000 135
-17320.000000 66
-16712.000000 453
-17308.000000 81
-17220.000000 186
-17280.000000 111
-17204.000000 222
-17316.000000 71
-17160.000000 322
-16972.000000 746
-16480.000000 64
-16392.000000 33
-16444.000000 62
-16732.000000 570
-16836.000000 771
-17008.000000 712
-17392.000000 24
-17068.000000 585
-16860.000000 750
-17248.000000 134
-16616.000000 275
-16668.000000 381
-16816.000000 698
-16720.000000 510
-17136.000000 398
-16676.000000 390
-16768.000000 614
-16600.000000 229
-17216.000000 225
-17476.000000 10
-16596.000000 244
-16652.000000 356
-16592.000000 221
-16488.000000 92
-17296.000000 87
-16632.000000 297
-17556.000000 2
-17472.000000 10
-16560.000000 193
-16564.000000 162
-17380.000000 39
-17460.000000 10
-16472.000000 97
-16504.000000 90
-16584.000000 206
-16644.000000 355
-17240.000000 154
-16568.000000 215
-16604.000000 234
-16292.000000 5
-16344.000000 13
-16608.000000 269
-16428.000000 54
-17200.000000 228
-17376.000000 35
-16484.000000 95
-17292.000000 95
-16556.000000 199
-16520.000000 117
-17212.000000 192
-16660.000000 354
-16540.000000 134
-16440.000000 42
-16456.000000 61
-16476.000000 76
-16244.000000 4
-16220.000000 4
-16408.000000 44
-16452.000000 57
-16516.000000 113
-16648.000000 340
-16492.000000 91
-16496.000000 95
-16532.000000 133
-16468.000000 76
-16536.000000 123
-16412.000000 37
-16572.000000 192
-16524.000000 116
-16400.000000 35
-16528.000000 151
-16288.000000 2
-16420.000000 37
-16464.000000 73
-17344.000000 62
-17560.000000 3
-16340.000000 16
-16612.000000 228
-16460.000000 59
-16232.000000 5
-16336.000000 18
-16404.000000 24
-16324.000000 9
-17552.000000 3
-17576.000000 1
-17364.000000 44
-17424.000000 19
-17372.000000 32
-16384.000000 36
-16500.000000 112
-17404.000000 19
-16320.000000 13
-16376.000000 33
-17388.000000 38
-17492.000000 2
-17408.000000 23
-17448.000000 14
-17356.000000 41
-16388.000000 24
-16368.000000 14
-16416.000000 33
-16352.000000 15
-16252.000000 7
-16316.000000 10
-16296.000000 7
-17432.000000 15
-16364.000000 24
-17584.000000 3
-17480.000000 12
-17384.000000 34
-17444.000000 13
-17500.000000 7
-17524.000000 3
-16248.000000 3
-17572.000000 3
-16380.000000 24
-16348.000000 8
-16172.000000 1
-16372.000000 15
-17428.000000 16
-16360.000000 20
-16332.000000 16
-16264.000000 2
-16040.000000 1
-16124.000000 2
-16148.000000 2
-16280.000000 8
-16236.000000 3
-17436.000000 15
-16284.000000 5
-16212.000000 2
-16184.000000 1
-17508.000000 3
-16356.000000 22
-16300.000000 4
-16160.000000 1
-16260.000000 4
-17488.000000 6
-17624.000000 1
-17520.000000 6
-16308.000000 8
-16304.000000 11
-17464.000000 11
-17544.000000 3
-17416.000000 18
-17496.000000 5
-17452.000000 14
-16256.000000 1
-16140.000000 1
-16108.000000 1
-16276.000000 3
-16328.000000 11
-16272.000000 6
-16164.000000 2
-16312.000000 8
-16240.000000 5
-17504.000000 7
-17484.000000 4
-17540.000000 3
-17516.000000 4
-16208.000000 3
-16132.000000 1
-16216.000000 3
-17532.000000 4
-17564.000000 1
-16180.000000 1
-17528.000000 4
-17604.000000 2
-16136.000000 1
-16204.000000 1
-16200.000000 3
-16156.000000 3
-16268.000000 1
-17616.000000 1
-16176.000000 1
-17612.000000 2
-17664.000000 1
-17608.000000 1
-17548.000000 1
-16052.000000 1
-16120.000000 1
-17620.000000 1
-17588.000000 1
-17512.000000 1
-16112.000000 2
-16224.000000 1
-16228.000000 1
0.000000 1012157866
