-13972.000000 7
-14368.000000 123
-14324.000000 105
-14408.000000 173
-14600.000000 332
-14636.000000 373
-14540.000000 327
-14484.000000 212
-14740.000000 492
-14700.000000 446
-14620.000000 354
-14544.000000 296
-14552.000000 261
-14596.000000 335
-14652.000000 423
-14708.000000 457
-14784.000000 522
-14736.000000 477
-14584.000000 353
-14644.000000 387
-14688.000000 435
-14860.000000 491
-14772.000000 521
-14460.000000 201
-14448.000000 204
-14476.000000 212
-14672.000000 423
-14640.000000 400
-14424.000000 175
-14452.000000 220
-14512.000000 306
-14692.000000 446
-14524.000000 248
-14496.000000 229
-14656.000000 399
-14628.000000 398
-14796.000000 543
-14808.000000 543
-14760.000000 500
-14900.000000 503
-14744.000000 481
-14468.000000 212
-14472.000000 223
-14648.000000 437
-14696.000000 439
-14548.000000 300
-14664.000000 405
-14732.000000 497
-14728.000000 478
-14980.000000 513
-14916.000000 533
-14964.000000 526
-15048.000000 430
-14824.000000 528
-14812.000000 548
-14948.000000 495
-14752.000000 518
-14864.000000 555
-14528.000000 293
-14888.000000 548
-14776.000000 503
-14668.000000 443
-14988.000000 480
-14720.000000 485
-14564.000000 331
-14676.000000 446
-14560.000000 346
-14724.000000 516
-14312.000000 92
-14376.000000 153
-14412.000000 158
-14608.000000 388
-14520.000000 252
-14256.000000 78
-14480.000000 235
-14556.000000 323
-14464.000000 210
-14788.000000 539
-15008.000000 463
-14920.000000 525
-15032.000000 473
-14984.000000 498
-15184.000000 292
-15120.000000 376
-14904.000000 516
-14832.000000 521
-14804.000000 515
-14604.000000 381
-14308.000000 87
-14152.000000 28
-14184.000000 39
-14276.000000 73
-14516.000000 264
-14576.000000 335
-14380.000000 151
-14432.000000 202
-14944.000000 526
-14716.000000 488
-14704.000000 459
-14908.000000 514
-15064.000000 430
-14924.000000 530
-14768.000000 526
-14848.000000 544
-14680.000000 435
-14456.000000 205
-14388.000000 145
-14928.000000 520
-14992.000000 474
-14932.000000 531
-15072.000000 410
-15256.000000 215
-15176.000000 275
-15080.000000 418
-15104.000000 373
-14856.000000 549
-14828.000000 517
-14764.000000 511
-14940.000000 518
-14896.000000 486
-14880.000000 490
-15084.000000 389
-15068.000000 411
-15108.000000 382
-15340.000000 119
-15052.000000 426
-14936.000000 537
-14816.000000 543
-14568.000000 309
-14624.000000 396
-14968.000000 510
-15116.000000 375
-14976.000000 512
-15028.000000 448
-15272.000000 201
-15016.000000 472
-14868.000000 553
-15000.000000 443
-14960.000000 514
-15012.000000 445
-15076.000000 415
-15140.000000 349
-14972.000000 505
-15124.000000 329
-15092.000000 405
-15164.000000 296
-14756.000000 509
-14956.000000 477
-14588.000000 347
-15204.000000 272
-15240.000000 191
-15200.000000 294
-15020.000000 457
-14800.000000 528
-14748.000000 499
-14912.000000 511
-14852.000000 540
-14780.000000 513
-14792.000000 501
-15148.000000 307
-15296.000000 183
-15412.000000 93
-15496.000000 41
-15392.000000 98
-15400.000000 91
-15036.000000 453
-15192.000000 307
-15136.000000 333
-15168.000000 336
-15096.000000 371
-15112.000000 390
-15040.000000 462
-15208.000000 248
-15288.000000 205
-15396.000000 105
-15220.000000 253
-15336.000000 141
-15384.000000 89
-15312.000000 160
-15196.000000 297
-15260.000000 220
-15420.000000 82
-15344.000000 125
-15408.000000 92
-15100.000000 402
-15128.000000 348
-15308.000000 165
-15356.000000 129
-15300.000000 170
-15216.000000 243
-15372.000000 130
-15252.000000 198
-15304.000000 171
-15376.000000 110
-15480.000000 63
-15404.000000 102
-15528.000000 39
-15444.000000 67
-15540.000000 30
-15268.000000 201
-15280.000000 200
-15156.000000 320
-15232.000000 222
-15088.000000 387
-15292.000000 177
-15552.000000 35
-15684.000000 5
-15704.000000 7
-15644.000000 14
-15620.000000 16
-15560.000000 27
-15624.000000 21
-15432.000000 84
-15452.000000 65
-15676.000000 8
-15512.000000 35
-15416.000000 102
-15188.000000 290
-15284.000000 189
-15172.000000 297
-15276.000000 207
-15180.000000 287
-15004.000000 490
-15152.000000 335
-15224.000000 233
-15044.000000 467
-15212.000000 249
-14892.000000 532
-14872.000000 551
-15024.000000 442
-15236.000000 252
-15516.000000 37
-15472.000000 54
-15548.000000 26
-15368.000000 125
-15324.000000 126
-15600.000000 14
-15648.000000 16
-15424.000000 83
-14876.000000 518
-14836.000000 550
-15160.000000 310
-15320.000000 164
-15316.000000 153
-14952.000000 497
-14572.000000 337
-14580.000000 321
-14532.000000 258
-14632.000000 388
-14996.000000 505
-15428.000000 71
-15332.000000 126
-15544.000000 22
-15448.000000 50
-15244.000000 235
-15348.000000 149
-15456.000000 72
-15060.000000 441
-15248.000000 219
-15144.000000 293
-14840.000000 514
-15264.000000 230
-14592.000000 369
-14820.000000 536
-14492.000000 238
-14400.000000 151
-14684.000000 420
-14712.000000 440
-15132.000000 384
-14884.000000 529
-14280.000000 64
-14428.000000 198
-14488.000000 242
-14508.000000 258
-14660.000000 435
-14364.000000 126
-14616.000000 383
-15228.000000 230
-14392.000000 148
-14444.000000 203
-14196.000000 46
-14052.000000 11
-15468.000000 61
-15508.000000 40
-15352.000000 124
-15328.000000 141
-15460.000000 65
-15388.000000 89
-15588.000000 17
-15556.000000 27
-15360.000000 104
-15612.000000 26
-15712.000000 3
-15380.000000 87
-15484.000000 53
-15492.000000 48
-15056.000000 386
-14612.000000 359
-14352.000000 111
-14844.000000 482
-15520.000000 31
-15584.000000 21
-15440.000000 72
-14292.000000 78
-14360.000000 117
-14436.000000 185
-14500.000000 249
-14344.000000 96
-14244.000000 54
-14240.000000 59
-14420.000000 160
-14504.000000 267
-14356.000000 128
-14288.000000 76
-14536.000000 263
-14372.000000 142
-14440.000000 195
-14164.000000 33
-14116.000000 30
-14404.000000 169
-14328.000000 92
-14348.000000 117
-14320.000000 90
-14200.000000 49
-14108.000000 28
-14028.000000 17
-13904.000000 5
-14084.000000 18
-14336.000000 94
-14264.000000 63
-14316.000000 102
-14216.000000 46
-14396.000000 162
-15700.000000 12
-15476.000000 41
-15828.000000 2
-15464.000000 60
-15364.000000 123
-15636.000000 15
-15716.000000 9
-15580.000000 24
-15488.000000 57
-15672.000000 13
-15500.000000 54
-15524.000000 36
-15532.000000 29
-15564.000000 28
-15688.000000 8
-15436.000000 66
-14416.000000 147
-14208.000000 58
-14068.000000 12
-14252.000000 66
-14332.000000 106
-14304.000000 81
-14384.000000 134
-14188.000000 38
-14300.000000 77
-14272.000000 73
-14236.000000 73
-14232.000000 52
-14284.000000 72
-14212.000000 55
-14144.000000 30
-14160.000000 40
-14204.000000 47
-15668.000000 9
-15604.000000 22
-15708.000000 10
-15900.000000 1
-15592.000000 17
-15692.000000 6
-15660.000000 8
-15640.000000 11
-15596.000000 21
-15536.000000 31
-14340.000000 90
-14104.000000 21
-14268.000000 68
-14224.000000 55
-14248.000000 65
-14156.000000 24
-14024.000000 10
-13976.000000 3
-14148.000000 28
-14260.000000 72
-14228.000000 39
-13980.000000 6
-14120.000000 23
-14004.000000 9
-14016.000000 14
-14192.000000 42
-14296.000000 76
-15664.000000 8
-14168.000000 41
-15504.000000 39
-15628.000000 15
-15736.000000 3
-15776.000000 3
-13988.000000 9
-14220.000000 66
-14128.000000 22
-14008.000000 9
-14176.000000 30
-14092.000000 14
-14132.000000 27
-14096.000000 17
-14048.000000 20
-13776.000000 2
-13920.000000 4
-14180.000000 37
-14056.000000 9
-14124.000000 21
-14112.000000 18
-13924.000000 4
-14072.000000 17
-14000.000000 3
-13992.000000 9
-14044.000000 22
-15732.000000 3
-15572.000000 22
-14172.000000 37
-15760.000000 2
-15836.000000 4
-15728.000000 6
-15568.000000 22
-15892.000000 3
-15656.000000 13
-14100.000000 15
-15576.000000 15
-13956.000000 6
-13872.000000 4
-13964.000000 6
-14088.000000 13
-13916.000000 5
-15720.000000 3
-15724.000000 4
-15608.000000 12
-15764.000000 5
-15772.000000 3
-15744.000000 4
-15680.000000 6
-14036.000000 10
-14040.000000 7
-15616.000000 12
-15652.000000 10
-15856.000000 1
-15788.000000 3
-13984.000000 3
-14032.000000 5
-13932.000000 3
-14140.000000 18
-14080.000000 15
-14060.000000 14
-15632.000000 16
-14136.000000 19
-13944.000000 4
-15824.000000 2
-13908.000000 7
-14012.000000 14
-14064.000000 14
-13852.000000 1
-13868.000000 2
-13800.000000 2
-13804.000000 2
-13940.000000 3
-14076.000000 7
-15880.000000 1
-15768.000000 2
-15800.000000 1
-13884.000000 1
-15916.000000 1
-13952.000000 6
-13936.000000 6
-13732.000000 1
-13644.000000 1
-13820.000000 3
-13844.000000 4
-13880.000000 2
-15740.000000 6
-15696.000000 5
-13860.000000 4
-13836.000000 1
-13864.000000 3
-13896.000000 2
-13796.000000 2
-14020.000000 3
-15832.000000 1
-15752.000000 1
-13900.000000 3
-13968.000000 3
-13996.000000 5
-13876.000000 1
-13888.000000 2
-13960.000000 2
-13808.000000 2
-13744.000000 2
-13912.000000 2
-13812.000000 4
-13768.000000 1
-13580.000000 1
-13892.000000 2
-15756.000000 2
-15812.000000 2
-13752.000000 1
-13816.000000 2
-13840.000000 2
-13828.000000 1
-13600.000000 1
-13712.000000 1
-13708.000000 1
-13656.000000 1
-13788.000000 1
-13568.000000 1
-13728.000000 1
-13700.000000 1
-13736.000000 1
-13724.000000 1
-13564.000000 1
-13756.000000 1
-13848.000000 1
-13928.000000 1
-16004.000000 1
-13772.000000 1
-13856.000000 1
-13748.000000 1
-13632.000000 1
-15748.000000 1
-13824.000000 1
-13948.000000 1
-15912.000000 1
-15968.000000 1
-15784.000000 1
-15796.000000 1
-15860.000000 1
0.000000 813060094
