-2852.000000 1672
-2884.000000 953
-2776.000000 2183
-2788.000000 2238
-2784.000000 2295
-2800.000000 2275
-2812.000000 2291
-2860.000000 1543
-2864.000000 1415
-2840.000000 1857
-2836.000000 2055
-2816.000000 2337
-2856.000000 1624
-2820.000000 2256
-2756.000000 1853
-2748.000000 1736
-2876.000000 1138
-2824.000000 2186
-2844.000000 1831
-2832.000000 2049
-2764.000000 2003
-2808.000000 2273
-2792.000000 2271
-2712.000000 1077
-2772.000000 2097
-2880.000000 1073
-2744.000000 1668
-2708.000000 897
-2656.000000 310
-2680.000000 601
-2652.000000 289
-2664.000000 412
-2668.000000 418
-2768.000000 2054
-2868.000000 1325
-2704.000000 931
-2780.000000 2174
-2732.000000 1392
-2716.000000 1070
-2688.000000 704
-2740.000000 1550
-2760.000000 1890
-2828.000000 2091
-2804.000000 2263
-2872.000000 1314
-2616.000000 105
-2636.000000 160
-2728.000000 1380
-2676.000000 525
-2684.000000 597
-2736.000000 1443
-2796.000000 2213
-2848.000000 1752
-2700.000000 831
-2672.000000 464
-2888.000000 953
-2904.000000 610
-2752.000000 1867
-2720.000000 1188
-2644.000000 226
-2648.000000 269
-2896.000000 726
-2924.000000 385
-2968.000000 80
-2936.000000 208
-2724.000000 1316
-2944.000000 151
-3024.000000 1
-2932.000000 244
-2948.000000 125
-2928.000000 319
-2892.000000 775
-2660.000000 352
-2692.000000 730
-2908.000000 544
-2620.000000 121
-2640.000000 207
-2608.000000 85
-2600.000000 65
-2564.000000 15
-2632.000000 163
-2696.000000 824
-2624.000000 135
-2940.000000 204
-2916.000000 408
-2952.000000 109
-2912.000000 499
-2920.000000 388
-2900.000000 676
-2956.000000 110
-3012.000000 9
-2960.000000 86
-2988.000000 17
-2584.000000 35
-2972.000000 51
-2576.000000 17
-2588.000000 39
-2628.000000 146
-2592.000000 55
-3008.000000 12
-2612.000000 83
-2964.000000 68
-2604.000000 62
-2980.000000 36
-2580.000000 32
-2996.000000 14
-2540.000000 7
-2572.000000 18
-2992.000000 18
-2976.000000 41
-2560.000000 10
-2556.000000 4
-2508.000000 1
-2520.000000 5
-2552.000000 12
-2596.000000 45
-2568.000000 16
-2504.000000 1
-2512.000000 2
-2532.000000 3
-2500.000000 3
-2984.000000 22
-2524.000000 2
-3004.000000 5
-3016.000000 2
-2536.000000 5
-2548.000000 6
-2544.000000 10
-3000.000000 10
-2516.000000 1
-3028.000000 1
-2528.000000 2
-3020.000000 1
-2484.000000 1
-3044.000000 1
-2488.000000 1
-2496.000000 1
0.000000 -1181303324
