-17180.000000 680
-17356.000000 792
-17380.000000 832
-17496.000000 522
-17480.000000 551
-17500.000000 478
-17404.000000 799
-17312.000000 893
-17516.000000 446
-17464.000000 607
-17360.000000 871
-17256.000000 845
-17280.000000 896
-17212.000000 731
-17424.000000 743
-17528.000000 385
-17620.000000 191
-17772.000000 26
-17468.000000 590
-17384.000000 783
-17340.000000 880
-17388.000000 771
-17236.000000 763
-17088.000000 384
-17040.000000 272
-17060.000000 335
-17108.000000 465
-17244.000000 823
-17176.000000 645
-17028.000000 247
-17284.000000 895
-17192.000000 675
-17128.000000 518
-17292.000000 916
-17392.000000 804
-17440.000000 709
-17412.000000 768
-17428.000000 672
-17432.000000 752
-17240.000000 803
-17348.000000 878
-17448.000000 625
-17472.000000 552
-17564.000000 301
-17552.000000 315
-17400.000000 803
-17336.000000 838
-17616.000000 209
-17612.000000 196
-17504.000000 514
-17232.000000 780
-17140.000000 563
-17188.000000 683
-17248.000000 871
-17452.000000 654
-17304.000000 869
-17408.000000 794
-17420.000000 711
-17208.000000 768
-17080.000000 387
-17288.000000 869
-17352.000000 828
-17168.000000 624
-17540.000000 402
-17264.000000 886
-17296.000000 901
-17220.000000 772
-17172.000000 681
-17396.000000 807
-17116.000000 460
-17072.000000 334
-17200.000000 761
-17132.000000 551
-16928.000000 95
-16784.000000 20
-17308.000000 854
-17268.000000 852
-17136.000000 542
-17488.000000 539
-17184.000000 679
-17300.000000 875
-17016.000000 248
-16932.000000 92
-17076.000000 360
-17144.000000 513
-16988.000000 176
-16952.000000 98
-17156.000000 593
-16856.000000 37
-16992.000000 175
-17104.000000 436
-17224.000000 766
-17216.000000 738
-17436.000000 694
-16864.000000 58
-16832.000000 28
-16900.000000 68
-17084.000000 395
-17036.000000 293
-16920.000000 97
-17316.000000 895
-17260.000000 866
-17456.000000 621
-17048.000000 275
-17152.000000 577
-17344.000000 835
-17692.000000 85
-17648.000000 135
-17732.000000 49
-17560.000000 326
-17548.000000 348
-17628.000000 170
-17788.000000 17
-17768.000000 42
-17536.000000 416
-17476.000000 584
-17484.000000 525
-17276.000000 856
-17416.000000 736
-17508.000000 478
-17372.000000 862
-17320.000000 881
-17512.000000 490
-17368.000000 851
-17664.000000 110
-17576.000000 250
-17568.000000 327
-17556.000000 323
-17748.000000 42
-17592.000000 222
-17660.000000 107
-16980.000000 155
-17204.000000 673
-17376.000000 837
-17096.000000 408
-17164.000000 627
-17328.000000 854
-17604.000000 214
-17064.000000 372
-17332.000000 853
-17520.000000 442
-17160.000000 582
-17252.000000 821
-17460.000000 650
-17004.000000 197
-16960.000000 108
-17100.000000 438
-17196.000000 620
-16948.000000 110
-17052.000000 296
-17600.000000 227
-17688.000000 83
-17608.000000 205
-17544.000000 406
-17584.000000 271
-17728.000000 52
-17696.000000 85
-17532.000000 419
-17668.000000 101
-17652.000000 135
-17580.000000 291
-17020.000000 237
-16972.000000 163
-17056.000000 303
-17324.000000 855
-17272.000000 853
-17588.000000 246
-17092.000000 403
-17636.000000 130
-17444.000000 645
-17364.000000 830
-17852.000000 7
-17124.000000 495
-16908.000000 75
-16996.000000 192
-16904.000000 86
-16936.000000 104
-16984.000000 200
-16868.000000 49
-17112.000000 467
-17596.000000 221
-17032.000000 284
-17228.000000 778
-17760.000000 33
-17044.000000 311
-16812.000000 20
-17008.000000 207
-17676.000000 99
-17708.000000 62
-17000.000000 199
-17012.000000 231
-17148.000000 543
-17524.000000 417
-17024.000000 234
-17740.000000 41
-17572.000000 254
-16844.000000 30
-17492.000000 517
-17716.000000 60
-17068.000000 373
-17120.000000 467
-17640.000000 133
-16860.000000 41
-16964.000000 145
-17644.000000 144
-17672.000000 90
-16956.000000 128
-16896.000000 59
-16892.000000 49
-16916.000000 76
-16800.000000 9
-16924.000000 93
-16944.000000 110
-16824.000000 18
-16940.000000 91
-17700.000000 67
-16828.000000 25
-16912.000000 79
-16880.000000 67
-17704.000000 55
-17632.000000 167
-17624.000000 143
-17724.000000 48
-17744.000000 44
-17680.000000 94
-17656.000000 132
-17824.000000 12
-17752.000000 38
-16804.000000 14
-16872.000000 50
-16968.000000 155
-17804.000000 12
-17712.000000 60
-16848.000000 29
-16720.000000 6
-16976.000000 167
-16888.000000 59
-17780.000000 18
-17860.000000 4
-18004.000000 1
-17820.000000 10
-17856.000000 4
-17720.000000 54
-17684.000000 69
-17828.000000 9
-17792.000000 11
-16820.000000 18
-16884.000000 46
-17756.000000 30
-16768.000000 9
-16852.000000 54
-16748.000000 11
-16788.000000 14
-16780.000000 13
-16836.000000 30
-17764.000000 30
-16700.000000 3
-16816.000000 16
-16808.000000 18
-16876.000000 48
-16668.000000 2
-16672.000000 2
-17808.000000 10
-17876.000000 6
-17776.000000 31
-17844.000000 11
-17800.000000 16
-17896.000000 4
-17900.000000 4
-17736.000000 39
-16776.000000 14
-17832.000000 8
-17932.000000 2
-16760.000000 7
-16796.000000 13
-16728.000000 5
-16840.000000 26
-16716.000000 5
-16744.000000 12
-16732.000000 6
-17924.000000 1
-17868.000000 8
-17848.000000 9
-16792.000000 14
-16680.000000 4
-17836.000000 5
-17840.000000 9
-16736.000000 9
-16772.000000 11
-16756.000000 7
-16724.000000 6
-17816.000000 13
-16584.000000 1
-16596.000000 2
-16696.000000 6
-17812.000000 8
-16704.000000 6
-17872.000000 3
-16652.000000 2
-16488.000000 1
-16472.000000 1
-16532.000000 1
-17880.000000 2
-17784.000000 15
-16676.000000 2
-16556.000000 1
-16712.000000 6
-16688.000000 2
-16684.000000 3
-17960.000000 1
-16764.000000 5
-16708.000000 2
-16628.000000 1
-17796.000000 10
-17888.000000 3
-16752.000000 6
-17908.000000 2
-16692.000000 2
-16648.000000 2
-17864.000000 4
-17884.000000 3
-16740.000000 5
-17936.000000 1
-17940.000000 2
-17916.000000 3
-17984.000000 1
-17928.000000 1
-16640.000000 2
-17892.000000 2
-16608.000000 1
-17904.000000 1
-16660.000000 1
-18000.000000 1
-16580.000000 1
-16604.000000 2
-17956.000000 1
-16564.000000 1
-16588.000000 1
-16656.000000 1
-16624.000000 1
-16560.000000 1
0.000000 1012157866
