-2832.000000 934
-2836.000000 875
-2728.000000 2053
-2736.000000 2078
-2712.000000 1978
-2724.000000 1954
-2748.000000 2129
-2744.000000 1994
-2792.000000 1665
-2788.000000 1787
-2772.000000 2020
-2780.000000 1890
-2776.000000 1925
-2732.000000 2043
-2740.000000 2056
-2764.000000 2007
-2856.000000 609
-2844.000000 738
-2824.000000 1168
-2852.000000 656
-2840.000000 811
-2768.000000 2072
-2796.000000 1722
-2784.000000 1906
-2756.000000 2158
-2760.000000 2101
-2896.000000 194
-2828.000000 1035
-2716.000000 1909
-2652.000000 1033
-2700.000000 1790
-2676.000000 1370
-2644.000000 913
-2628.000000 692
-2696.000000 1716
-2708.000000 1859
-2684.000000 1525
-2692.000000 1623
-2680.000000 1440
-2720.000000 1981
-2704.000000 1864
-2752.000000 2149
-2816.000000 1250
-2812.000000 1339
-2672.000000 1396
-2688.000000 1577
-2656.000000 1076
-2620.000000 583
-2664.000000 1172
-2632.000000 747
-2604.000000 458
-2660.000000 1157
-2648.000000 1002
-2612.000000 481
-2560.000000 126
-2640.000000 801
-2800.000000 1598
-2820.000000 1211
-2864.000000 453
-2592.000000 341
-2600.000000 396
-2860.000000 531
-2848.000000 720
-2904.000000 126
-2872.000000 419
-2884.000000 287
-2944.000000 19
-2888.000000 236
-2892.000000 192
-2932.000000 53
-2808.000000 1456
-2868.000000 451
-2880.000000 298
-2668.000000 1263
-2636.000000 784
-2624.000000 620
-2576.000000 209
-2572.000000 201
-2616.000000 507
-2564.000000 141
-2804.000000 1452
-2580.000000 248
-2596.000000 382
-2588.000000 321
-2584.000000 265
-2556.000000 115
-2608.000000 445
-2940.000000 31
-2912.000000 115
-2876.000000 340
-2900.000000 154
-2552.000000 103
-2544.000000 71
-2568.000000 167
-2532.000000 58
-2548.000000 105
-2908.000000 113
-2928.000000 51
-2924.000000 53
-2920.000000 71
-2500.000000 28
-2916.000000 91
-2520.000000 40
-2540.000000 77
-2504.000000 20
-2528.000000 50
-2516.000000 32
-2524.000000 55
-2484.000000 7
-2936.000000 42
-2968.000000 6
-2464.000000 5
-2480.000000 11
-2536.000000 53
-2496.000000 14
-2948.000000 15
-2952.000000 14
-2472.000000 10
-2468.000000 6
-2476.000000 9
-2960.000000 9
-2972.000000 6
-2492.000000 12
-2488.000000 16
-2456.000000 2
-2992.000000 1
-2956.000000 13
-2512.000000 22
-3000.000000 4
-2508.000000 26
-2444.000000 4
-2436.000000 4
-2452.000000 2
-2388.000000 1
-2448.000000 4
-2964.000000 7
-2988.000000 1
-2976.000000 4
-2420.000000 2
-2984.000000 2
-2980.000000 2
-2460.000000 1
-2440.000000 3
-2428.000000 2
-3028.000000 1
-2384.000000 1
-2424.000000 3
-2412.000000 1
-2432.000000 1
0.000000 -1896333123
