-16316.000000 631
-16592.000000 551
-16572.000000 604
-16596.000000 569
-16748.000000 248
-16588.000000 553
-16744.000000 238
-16636.000000 441
-16620.000000 491
-16516.000000 705
-16436.000000 747
-16272.000000 522
-16576.000000 597
-16536.000000 645
-16512.000000 691
-16432.000000 741
-16448.000000 711
-16368.000000 661
-16300.000000 582
-16180.000000 346
-16296.000000 573
-16328.000000 617
-16388.000000 672
-16372.000000 683
-16412.000000 747
-16256.000000 479
-16424.000000 747
-16416.000000 702
-16644.000000 427
-16884.000000 69
-16532.000000 673
-16552.000000 599
-16524.000000 673
-16648.000000 443
-16704.000000 333
-16740.000000 243
-16804.000000 152
-16828.000000 124
-16688.000000 337
-16872.000000 81
-16824.000000 140
-16556.000000 612
-16616.000000 498
-16916.000000 62
-16640.000000 439
-16344.000000 706
-16420.000000 778
-16428.000000 787
-16568.000000 647
-16496.000000 709
-16240.000000 477
-16308.000000 620
-16404.000000 704
-16624.000000 470
-16500.000000 698
-16480.000000 753
-16548.000000 630
-16336.000000 663
-16408.000000 749
-16484.000000 695
-16676.000000 446
-16460.000000 747
-16348.000000 694
-16232.000000 461
-16352.000000 668
-16152.000000 276
-16268.000000 557
-16212.000000 422
-16332.000000 654
-16304.000000 589
-16140.000000 279
-16196.000000 383
-16228.000000 472
-16220.000000 435
-15988.000000 83
-15920.000000 49
-16452.000000 720
-16284.000000 594
-16156.000000 313
-16204.000000 397
-16540.000000 691
-16252.000000 462
-16236.000000 484
-16444.000000 666
-16400.000000 711
-16396.000000 703
-16052.000000 168
-16056.000000 145
-15900.000000 41
-15944.000000 52
-16164.000000 336
-16088.000000 232
-16384.000000 741
-16456.000000 749
-16292.000000 558
-16080.000000 198
-16320.000000 641
-16508.000000 676
-16356.000000 677
-16528.000000 687
-16288.000000 554
-16216.000000 424
-16280.000000 560
-16312.000000 597
-16696.000000 371
-16472.000000 749
-16792.000000 173
-16544.000000 660
-16560.000000 589
-16476.000000 783
-16584.000000 589
-16660.000000 431
-16652.000000 492
-16716.000000 291
-16656.000000 425
-16692.000000 326
-16776.000000 181
-16488.000000 751
-16464.000000 726
-16492.000000 733
-16520.000000 708
-16708.000000 300
-16840.000000 124
-16736.000000 260
-16836.000000 103
-16848.000000 110
-16768.000000 186
-16956.000000 30
-17064.000000 4
-16764.000000 216
-16788.000000 170
-16728.000000 283
-16664.000000 376
-16712.000000 308
-16772.000000 217
-16600.000000 535
-16732.000000 258
-16992.000000 17
-16796.000000 177
-16684.000000 369
-16700.000000 329
-16856.000000 86
-16720.000000 289
-16608.000000 537
-16120.000000 262
-16244.000000 478
-16148.000000 282
-16364.000000 667
-16780.000000 187
-16756.000000 223
-16892.000000 67
-16360.000000 693
-16440.000000 725
-16108.000000 243
-16044.000000 143
-16324.000000 613
-16276.000000 533
-16340.000000 677
-16632.000000 497
-16680.000000 349
-16604.000000 530
-16564.000000 615
-16012.000000 104
-16020.000000 121
-16036.000000 125
-16392.000000 740
-15948.000000 57
-16040.000000 130
-16128.000000 271
-16580.000000 573
-16224.000000 459
-16380.000000 679
-16184.000000 382
-16172.000000 334
-16628.000000 482
-16504.000000 671
-16852.000000 90
-16964.000000 29
-16880.000000 66
-16888.000000 54
-16876.000000 78
-16928.000000 37
-16832.000000 129
-16908.000000 48
-16760.000000 196
-16724.000000 276
-16812.000000 135
-16176.000000 354
-15984.000000 71
-16132.000000 269
-16008.000000 100
-16048.000000 140
-16860.000000 80
-16920.000000 52
-16784.000000 189
-16188.000000 394
-16468.000000 727
-16264.000000 540
-16144.000000 317
-16612.000000 500
-16192.000000 392
-16208.000000 398
-16248.000000 500
-16260.000000 491
-16136.000000 274
-17012.000000 16
-16168.000000 330
-16076.000000 177
-16092.000000 202
-15912.000000 38
-16800.000000 161
-16200.000000 445
-16816.000000 130
-16104.000000 240
-17116.000000 5
-16988.000000 25
-16668.000000 381
-16376.000000 722
-15976.000000 78
-15916.000000 38
-16820.000000 124
-16124.000000 286
-16028.000000 121
-16672.000000 373
-16984.000000 28
-16996.000000 10
-16896.000000 64
-16100.000000 214
-16032.000000 146
-16844.000000 108
-16900.000000 52
-16944.000000 37
-17124.000000 4
-17196.000000 3
-17036.000000 16
-15940.000000 56
-16752.000000 229
-15856.000000 14
-16112.000000 230
-15844.000000 27
-16060.000000 153
-16808.000000 155
-16940.000000 37
-15992.000000 95
-15876.000000 30
-15936.000000 48
-16116.000000 261
-16068.000000 195
-16072.000000 186
-16064.000000 163
-15980.000000 83
-16096.000000 212
-15924.000000 33
-16084.000000 185
-15960.000000 61
-16952.000000 33
-15888.000000 29
-15828.000000 19
-16932.000000 43
-17020.000000 11
-16904.000000 37
-16160.000000 310
-15836.000000 21
-15824.000000 12
-15880.000000 22
-15968.000000 80
-15972.000000 69
-16960.000000 34
-16864.000000 96
-15952.000000 53
-15820.000000 18
-15932.000000 60
-15884.000000 33
-15700.000000 4
-15812.000000 9
-16024.000000 108
-15964.000000 70
-16936.000000 37
-17016.000000 9
-17168.000000 3
-16000.000000 106
-16004.000000 105
-15840.000000 18
-15996.000000 106
-15868.000000 35
-17128.000000 2
-16972.000000 21
-15860.000000 26
-15864.000000 20
-16980.000000 21
-16868.000000 86
-17080.000000 11
-15872.000000 37
-16948.000000 29
-15928.000000 48
-15896.000000 35
-15796.000000 16
-15804.000000 13
-15908.000000 37
-15904.000000 45
-15776.000000 6
-15744.000000 8
-15956.000000 79
-17000.000000 16
-16912.000000 62
-16968.000000 29
-17056.000000 9
-15852.000000 17
-16016.000000 106
-15712.000000 2
-17004.000000 18
-15784.000000 12
-15800.000000 21
-15816.000000 14
-15892.000000 35
-17152.000000 1
-15668.000000 1
-16924.000000 47
-16976.000000 22
-17144.000000 4
-15848.000000 28
-15760.000000 8
-15780.000000 7
-15768.000000 12
-15732.000000 7
-17044.000000 12
-15832.000000 18
-15684.000000 5
-15808.000000 14
-15620.000000 1
-15568.000000 1
-17072.000000 5
-15764.000000 5
-17008.000000 17
-15772.000000 8
-15756.000000 4
-17136.000000 2
-17028.000000 12
-15792.000000 14
-17092.000000 3
-17068.000000 11
-17204.000000 3
-17104.000000 4
-17100.000000 4
-17032.000000 8
-17052.000000 6
-15788.000000 8
-15576.000000 1
-15736.000000 3
-17048.000000 10
-17024.000000 11
-17088.000000 3
-17120.000000 2
-15704.000000 3
-17200.000000 1
-17188.000000 2
-17176.000000 2
-17232.000000 1
-17060.000000 8
-15728.000000 4
-17156.000000 3
-15588.000000 2
-15752.000000 9
-15720.000000 3
-17108.000000 2
-17040.000000 8
-15676.000000 3
-15748.000000 4
-15660.000000 2
-15740.000000 3
-17132.000000 2
-15688.000000 3
-17276.000000 1
-17312.000000 1
-15624.000000 1
-15604.000000 1
-15692.000000 2
-17076.000000 1
-15652.000000 1
-17164.000000 1
-17268.000000 1
-17096.000000 4
-15436.000000 1
-15628.000000 1
-15656.000000 1
-17112.000000 1
-15708.000000 2
-17140.000000 1
-15552.000000 1
-17084.000000 3
-15680.000000 1
-17212.000000 1
-15632.000000 1
-17192.000000 1
0.000000 1012157866
