-16960.000000 697
-17140.000000 758
-17272.000000 466
-17308.000000 346
-17316.000000 356
-17208.000000 627
-17356.000000 247
-17284.000000 446
-17220.000000 647
-17064.000000 795
-16996.000000 810
-16900.000000 552
-17104.000000 813
-17360.000000 207
-17292.000000 427
-17408.000000 170
-17180.000000 756
-17108.000000 817
-17044.000000 855
-17148.000000 814
-17040.000000 807
-16892.000000 522
-16908.000000 568
-16880.000000 489
-16948.000000 592
-17060.000000 850
-17012.000000 788
-16812.000000 332
-17056.000000 790
-16924.000000 577
-17200.000000 717
-16916.000000 565
-17160.000000 761
-17244.000000 543
-17224.000000 598
-17192.000000 692
-17216.000000 622
-17096.000000 835
-17124.000000 828
-17276.000000 476
-17320.000000 347
-17240.000000 528
-17504.000000 48
-17488.000000 59
-17344.000000 264
-17460.000000 85
-17204.000000 670
-17084.000000 832
-17100.000000 852
-17032.000000 827
-17112.000000 867
-17228.000000 543
-17128.000000 827
-17176.000000 705
-17212.000000 625
-16988.000000 778
-17072.000000 844
-17028.000000 804
-16888.000000 471
-17024.000000 797
-17184.000000 716
-17264.000000 528
-17016.000000 827
-16984.000000 760
-16932.000000 635
-17036.000000 787
-16976.000000 687
-16872.000000 435
-16784.000000 277
-16852.000000 412
-16716.000000 154
-16648.000000 89
-16808.000000 321
-16828.000000 367
-16684.000000 94
-17164.000000 798
-17080.000000 862
-16904.000000 481
-16944.000000 616
-17052.000000 815
-16840.000000 394
-16736.000000 157
-16676.000000 99
-16896.000000 543
-16868.000000 443
-16992.000000 818
-16844.000000 367
-16720.000000 154
-16696.000000 125
-16856.000000 431
-16956.000000 631
-16796.000000 258
-17008.000000 787
-17116.000000 812
-16940.000000 684
-17004.000000 768
-16964.000000 711
-16936.000000 615
-17136.000000 811
-16968.000000 675
-17048.000000 805
-16760.000000 216
-16692.000000 70
-16752.000000 195
-17168.000000 721
-17188.000000 712
-17300.000000 421
-17156.000000 802
-17196.000000 684
-17468.000000 61
-17444.000000 110
-17576.000000 20
-17404.000000 153
-17364.000000 248
-17324.000000 348
-17580.000000 17
-17564.000000 25
-17288.000000 424
-17144.000000 834
-17268.000000 468
-17340.000000 300
-17252.000000 518
-17332.000000 322
-17280.000000 439
-17396.000000 203
-17372.000000 215
-17596.000000 10
-17448.000000 106
-17440.000000 106
-17304.000000 373
-17348.000000 275
-17464.000000 77
-17412.000000 169
-16864.000000 456
-16804.000000 280
-17092.000000 814
-17384.000000 182
-17416.000000 142
-17376.000000 220
-17336.000000 314
-17000.000000 756
-16788.000000 290
-16768.000000 252
-16952.000000 622
-17120.000000 761
-16876.000000 456
-16928.000000 640
-17256.000000 546
-17248.000000 541
-17076.000000 854
-16848.000000 373
-16764.000000 226
-16712.000000 119
-16912.000000 562
-17020.000000 779
-17132.000000 798
-16744.000000 218
-17232.000000 614
-17452.000000 82
-17312.000000 392
-17424.000000 120
-17328.000000 298
-17432.000000 138
-17496.000000 67
-17544.000000 31
-17508.000000 62
-17368.000000 239
-17400.000000 186
-17352.000000 278
-17428.000000 109
-17392.000000 182
-17088.000000 802
-16724.000000 166
-16612.000000 38
-16700.000000 122
-16816.000000 338
-17236.000000 613
-17152.000000 744
-17480.000000 63
-17528.000000 47
-17068.000000 846
-16860.000000 442
-16740.000000 184
-17388.000000 208
-16920.000000 586
-17172.000000 700
-17380.000000 191
-17420.000000 156
-17608.000000 9
-16972.000000 738
-16980.000000 683
-16664.000000 82
-16884.000000 491
-16728.000000 187
-16748.000000 205
-16756.000000 203
-16596.000000 28
-16592.000000 37
-16772.000000 237
-16820.000000 309
-17260.000000 472
-17572.000000 24
-16672.000000 89
-16600.000000 36
-17492.000000 60
-17524.000000 39
-17436.000000 124
-16792.000000 290
-16824.000000 339
-17296.000000 408
-16836.000000 377
-16544.000000 16
-16640.000000 63
-16800.000000 293
-16568.000000 19
-17520.000000 44
-16832.000000 357
-16732.000000 175
-16704.000000 108
-16708.000000 148
-16668.000000 97
-16628.000000 46
-16584.000000 35
-16608.000000 35
-16460.000000 7
-16524.000000 11
-16776.000000 255
-16632.000000 63
-16688.000000 106
-17456.000000 89
-16624.000000 59
-16680.000000 101
-16536.000000 24
-16560.000000 18
-16616.000000 42
-16660.000000 58
-16540.000000 15
-16644.000000 50
-16652.000000 77
-16780.000000 232
-16504.000000 12
-17472.000000 84
-17656.000000 5
-16548.000000 28
-16580.000000 25
-16636.000000 56
-16512.000000 14
-16516.000000 10
-17476.000000 90
-16528.000000 15
-16564.000000 24
-16496.000000 11
-16576.000000 25
-17500.000000 53
-17672.000000 5
-17540.000000 30
-17616.000000 15
-16588.000000 33
-17516.000000 39
-17632.000000 3
-17512.000000 43
-17648.000000 4
-16620.000000 42
-16604.000000 45
-16520.000000 14
-16572.000000 26
-17532.000000 46
-16656.000000 67
-16556.000000 26
-16456.000000 5
-17600.000000 18
-16492.000000 12
-17556.000000 26
-16484.000000 6
-16416.000000 4
-17700.000000 3
-17560.000000 29
-16480.000000 6
-17640.000000 4
-17688.000000 4
-17588.000000 9
-16464.000000 8
-17592.000000 8
-17628.000000 8
-17568.000000 22
-17660.000000 4
-17604.000000 16
-17812.000000 1
-17680.000000 5
-16476.000000 9
-16532.000000 12
-17636.000000 9
-16452.000000 8
-17484.000000 64
-17552.000000 22
-17536.000000 33
-16552.000000 20
-17584.000000 10
-16372.000000 2
-17644.000000 7
-17612.000000 6
-16368.000000 1
-16300.000000 1
-17676.000000 1
-16396.000000 2
-17548.000000 23
-16468.000000 3
-16296.000000 1
-16308.000000 1
-17664.000000 2
-16472.000000 3
-17732.000000 2
-16488.000000 6
-16268.000000 1
-16280.000000 1
-16444.000000 2
-17720.000000 2
-17692.000000 2
-16508.000000 10
-16424.000000 4
-16448.000000 3
-17708.000000 2
-16408.000000 2
-16400.000000 1
-17620.000000 5
-16412.000000 1
-17624.000000 5
-16428.000000 5
-17760.000000 1
-17764.000000 1
-16500.000000 2
-16404.000000 2
-17772.000000 1
-17716.000000 3
-17784.000000 1
-16440.000000 2
-17652.000000 4
-17684.000000 1
-17808.000000 1
-17776.000000 1
-17712.000000 3
-16344.000000 1
-17736.000000 1
-17696.000000 1
-17728.000000 1
-17704.000000 2
-16392.000000 1
-17668.000000 3
-16388.000000 2
-17724.000000 1
-16332.000000 1
-16432.000000 2
-16252.000000 1
-16348.000000 2
0.000000 1748622222
