-1.220000 0.000205
-1.275000 0.001067
-1.202500 0.000123
-1.267500 0.000954
-1.270000 0.000769
-1.327500 0.003897
-1.325000 0.003333
-1.312500 0.002738
-1.292500 0.001723
-1.345000 0.004605
-1.297500 0.001815
-1.332500 0.003713
-1.322500 0.002995
-1.262500 0.000759
-1.280000 0.001149
-1.302500 0.002133
-1.245000 0.000544
-1.337500 0.004328
-1.282500 0.001221
-1.290000 0.001528
-1.300000 0.002205
-1.307500 0.001949
-1.362500 0.006462
-1.402500 0.009200
-1.360000 0.005590
-1.350000 0.004862
-1.347500 0.004831
-1.407500 0.009979
-1.397500 0.009262
-1.420000 0.011221
-1.365000 0.006318
-1.405000 0.009528
-1.320000 0.002944
-1.370000 0.006656
-1.310000 0.002164
-1.340000 0.003908
-1.372500 0.006697
-1.430000 0.012287
-1.435000 0.012338
-1.392500 0.008308
-1.445000 0.012256
-1.425000 0.011128
-1.317500 0.002903
-1.272500 0.000944
-1.247500 0.000379
-1.355000 0.005538
-1.395000 0.008790
-1.417500 0.011179
-1.452500 0.013138
-1.440000 0.012164
-1.400000 0.009590
-1.390000 0.008728
-1.410000 0.010133
-1.412500 0.010451
-1.387500 0.008431
-1.422500 0.011067
-1.442500 0.012851
-1.432500 0.012000
-1.367500 0.005538
-1.382500 0.007600
-1.357500 0.005415
-1.305000 0.002400
-1.380000 0.007446
-1.377500 0.007241
-1.375000 0.007005
-1.342500 0.004277
-1.462500 0.013241
-1.455000 0.012759
-1.460000 0.012944
-1.447500 0.012677
-1.385000 0.007908
-1.335000 0.003918
-1.352500 0.005405
-1.467500 0.013210
-1.315000 0.002462
-1.295000 0.001579
-1.457500 0.012708
-1.415000 0.011077
-1.330000 0.003569
-1.450000 0.012656
-1.427500 0.011538
-1.487500 0.012595
-1.470000 0.012892
-1.527500 0.009446
-1.495000 0.011426
-1.472500 0.013272
-1.505000 0.011313
-1.477500 0.012328
-1.525000 0.009026
-1.535000 0.008513
-1.542500 0.007662
-1.555000 0.005497
-1.522500 0.009631
-1.510000 0.010615
-1.530000 0.008185
-1.492500 0.011938
-1.550000 0.006841
-1.480000 0.012277
-1.517500 0.009631
-1.507500 0.010462
-1.512500 0.010513
-1.565000 0.004985
-1.540000 0.007631
-1.515000 0.009897
-1.497500 0.011959
-1.502500 0.011210
-1.532500 0.008349
-1.560000 0.005487
-1.602500 0.001887
-1.600000 0.002123
-1.485000 0.012585
-1.490000 0.012297
-1.475000 0.013385
-1.520000 0.010062
-1.482500 0.012144
-1.557500 0.006287
-1.500000 0.011692
-1.547500 0.006718
-1.552500 0.006246
-1.580000 0.003908
-1.465000 0.012410
-1.437500 0.011569
-1.562500 0.005631
-1.607500 0.001610
-1.620000 0.000903
-1.630000 0.000851
-1.587500 0.002892
-1.537500 0.008092
-1.572500 0.003723
-1.545000 0.006656
-1.570000 0.004431
-1.567500 0.004738
-1.585000 0.002759
-1.595000 0.002205
-1.577500 0.003744
-1.277500 0.001026
-1.255000 0.000585
-1.260000 0.000831
-1.257500 0.000523
-1.250000 0.000421
-1.222500 0.000236
-1.287500 0.001405
-1.265000 0.000636
-1.242500 0.000308
-1.195000 0.000144
-1.177500 0.000072
-1.185000 0.000072
-1.155000 0.000021
-1.167500 0.000041
-1.285000 0.001405
-1.240000 0.000472
-1.172500 0.000021
-1.212500 0.000174
-1.230000 0.000215
-1.225000 0.000226
-1.252500 0.000533
-1.207500 0.000133
-1.227500 0.000287
-1.237500 0.000308
-1.597500 0.002359
-1.575000 0.003754
-1.615000 0.001446
-1.645000 0.000410
-1.642500 0.000451
-1.622500 0.000954
-1.605000 0.001805
-1.625000 0.001108
-1.627500 0.000728
-1.635000 0.000759
-1.617500 0.001149
-1.582500 0.003149
-1.610000 0.001733
-1.590000 0.002533
-1.662500 0.000164
-1.637500 0.000472
-1.632500 0.000718
-1.235000 0.000236
-1.647500 0.000267
-1.657500 0.000185
-1.592500 0.002605
-1.612500 0.001426
-1.190000 0.000051
-1.660000 0.000236
-1.655000 0.000154
-1.640000 0.000523
-1.650000 0.000297
-1.232500 0.000246
-1.215000 0.000133
-1.700000 0.000010
-1.740000 0.000010
-1.755000 0.000010
-1.747500 0.000010
-1.710000 0.000010
-1.677500 0.000051
-1.665000 0.000113
-1.680000 0.000092
-1.672500 0.000103
-1.667500 0.000113
-1.652500 0.000338
-1.197500 0.000103
-1.170000 0.000031
-1.180000 0.000051
-1.182500 0.000041
-1.150000 0.000031
-1.160000 0.000041
-1.137500 0.000021
-1.107500 0.000010
-1.142500 0.000021
-1.127500 0.000010
-1.192500 0.000072
-1.675000 0.000021
-1.670000 0.000113
-1.205000 0.000092
-1.200000 0.000072
-1.695000 0.000031
-1.217500 0.000185
-1.687500 0.000031
-1.682500 0.000031
-1.685000 0.000031
-1.712500 0.000010
-1.210000 0.000133
-1.157500 0.000010
-1.187500 0.000031
-1.165000 0.000021
-1.120000 0.000010
-1.110000 0.000010
-1.175000 0.000021
-1.147500 0.000010
-1.722500 0.000010
-1.145000 0.000010
-1.690000 0.000010
0.000000 11331.593641
