0 -2.000000 1.000000 0 
1 -257.600000 133.671429 929
2 -251.585714 131.571429 2349
3 -247.485714 129.942857 4172
4 -244.614286 128.817857 6255
5 -241.931429 127.642857 8380
6 -238.995238 126.392857 10928
7 -236.722449 125.363265 13551
8 -234.696429 124.433929 16359
9 -233.047619 123.639683 19166
10 -232.051429 123.124286 21804
11 -230.979221 122.605195 24519
12 -230.145238 122.165476 27303
13 -229.303297 121.771429 30093
14 -228.453061 121.318367 32988
15 -227.630476 120.895238 35942
16 -226.889286 120.533036 38913
17 -226.238655 120.175630 41854
18 -225.571429 119.806349 44869
19 -224.987970 119.445113 47954
20 -224.457143 119.143571 51095
21 -223.959184 118.863946 54279
22 -223.494805 118.571429 57302
23 -223.008696 118.259627 60378
24 -222.579762 117.983333 63584
25 -222.185143 117.710286 66709
26 -221.842857 117.469231 69853
27 -221.595767 117.253439 72951
28 -221.326531 117.035204 75942
29 -220.971429 116.805911 79061
30 -220.668571 116.590476 82262
31 -220.448848 116.409217 85308
32 -220.219643 116.259375 88385
33 -220.044156 116.112987 91514
34 -219.890756 115.984454 94514
35 -219.800816 115.871837 97513
36 -219.707143 115.755556 100482
37 -219.584556 115.635521 103516
38 -219.451128 115.510150 106667
39 -219.274725 115.376923 109742
40 -219.112143 115.252857 112885
41 -218.943554 115.118467 116134
42 -218.789116 114.981973 119245
43 -218.714950 114.878073 122260
44 -218.616234 114.753247 125391
45 -218.480000 114.625714 128655
46 -218.344720 114.512422 131825
47 -218.222492 114.408511 134980
48 -218.097619 114.316964 138117
49 -217.969679 114.192128 141296
50 -217.857714 114.072857 144506
51 -217.659944 113.936134 147713
52 -217.459890 113.807418 151113
53 -217.278706 113.671429 154550
54 -217.179365 113.563492 157931
55 -217.031688 113.442338 161313
56 -216.902041 113.342092 164650
57 -216.808521 113.243609 167941
58 -216.714778 113.143350 171176
59 -216.594189 113.036077 174447
60 -216.487143 112.932857 177803
61 -216.386417 112.846136 181067
62 -216.247926 112.750691 184431
63 -216.121542 112.662132 187796
64 -216.068304 112.602455 191037
65 -215.939341 112.534945 194325
66 -215.827706 112.476840 197723
67 -215.728358 112.420256 201072
68 -215.666387 112.369538 204316
69 -215.590476 112.320290 207632
70 -215.547347 112.277551 210891
71 -215.505433 112.232193 214064
72 -215.471429 112.189087 217283
73 -215.394912 112.140313 220472
74 -215.325097 112.087838 223714
75 -215.263238 112.046286 226988
76 -215.199248 112.018233 230240
77 -215.164750 111.999258 233441
78 -215.131868 111.981319 236660
79 -215.125136 111.968535 239770
80 -215.065357 111.939286 242896
81 -215.022575 111.905291 246059
82 -214.996167 111.873171 249203
83 -214.936317 111.827367 252359
84 -214.883333 111.792347 255584
85 -214.821849 111.747227 258797
86 -214.756478 111.694020 262208
87 -214.687028 111.637931 265613
88 -214.601623 111.574513 268998
89 -214.512360 111.493579 272474
90 -214.426667 111.418254 275994
91 -214.340345 111.349451 279527
92 -214.255280 111.282609 282940
93 -214.200000 111.227803 286395
94 -214.155927 111.180395 289754
95 -214.101654 111.136842 292973
96 -214.016369 111.076786 296448
97 -213.969661 111.030339 299884
98 -213.946356 111.005102 303167
99 -213.937085 110.982395 306347
100 -213.894286 110.946571 309526
101 -213.834229 110.907921 312921
102 -213.784594 110.867087 316276
103 -213.727878 110.825243 319617
104 -213.673077 110.779396 323054
105 -213.645986 110.738231 326318
106 -213.613747 110.697574 329484
107 -213.573832 110.651402 332751
108 -213.541534 110.614550 336003
109 -213.554128 110.592792 339209
110 -213.566753 110.572597 342334
111 -213.544402 110.546075 345508
112 -213.513265 110.517857 348747
113 -213.494817 110.497851 351890
114 -213.473935 110.479073 355125
115 -213.466832 110.468944 358364
116 -213.469951 110.456404 361583
117 -213.455189 110.443223 364724
118 -213.465617 110.438862 367831
119 -213.470348 110.427251 370984
120 -213.460952 110.404524 374179
121 -213.437072 110.378394 377439
122 -213.406792 110.342740 380686
123 -213.369338 110.304530 384013
124 -213.325346 110.255876 387381
125 -213.295314 110.210629 390774
126 -213.273469 110.167914 393928
127 -213.234421 110.116085 397203
128 -213.199330 110.066518 400596
129 -213.162569 110.011739 404100
130 -213.139560 109.956703 407478
131 -213.103817 109.900654 410839
132 -213.064502 109.849784 414193
133 -213.027282 109.802363 417658
134 -212.975906 109.752985 421051
135 -212.940741 109.706243 424419
136 -212.896429 109.657983 427816
137 -212.878415 109.613764 431220
138 -212.862319 109.571739 434449
139 -212.842343 109.535457 437811
140 -212.831837 109.502755 441119
141 -212.815198 109.460892 444378
142 -212.788934 109.425252 447700
143 -212.750250 109.385914 451136
144 -212.718452 109.348512 454572
145 -212.686897 109.308276 458000
146 -212.645401 109.263796 461379
147 -212.593197 109.211370 464807
148 -212.561969 109.173552 468249
149 -212.551103 109.138734 471571
150 -212.532190 109.099619 474749
151 -212.524125 109.066131 478025
152 -212.507895 109.028571 481197
153 -212.478058 108.990289 484622
154 -212.454174 108.952968 487993
155 -212.427097 108.919816 491283
156 -212.399084 108.893040 494630
157 -212.368153 108.859418 497945
158 -212.337794 108.832007 501323
159 -212.313028 108.809973 504671
160 -212.276250 108.775089 508130
161 -212.235138 108.739752 511562
162 -212.194709 108.707319 515116
163 -212.163541 108.680193 518534
164 -212.133275 108.656533 521930
165 -212.105281 108.634113 525363
166 -212.090361 108.612651 528699
167 -212.082635 108.598375 531980
168 -212.068537 108.584949 535286
169 -212.039899 108.567033 538565
170 -212.017815 108.548403 541952
171 -211.982623 108.522222 545321
172 -211.965116 108.498090 548736
173 -211.944178 108.473410 552236
174 -211.918883 108.443432 555642
175 -211.890776 108.411347 559138
176 -211.854708 108.380763 562534
177 -211.817595 108.348588 565932
178 -211.781862 108.317576 569474
179 -211.758978 108.287709 572928
180 -211.743810 108.257222 576332
181 -211.732597 108.231413 579765
182 -211.715071 108.206829 583065
183 -211.694145 108.183450 586497
184 -211.665062 108.156677 589972
185 -211.622239 108.121390 593558
186 -211.581413 108.089862 597218
187 -211.539190 108.055921 600820
188 -211.506687 108.029787 604392
189 -211.473923 108.002343 607895
190 -211.453083 107.980752 611365
191 -211.443979 107.961705 614786
192 -211.425000 107.943080 618055
193 -211.412583 107.927609 621465
194 -211.390722 107.903387 624922
195 -211.372308 107.879267 628332
196 -211.357872 107.859257 631699
197 -211.345323 107.839956 634978
198 -211.327561 107.819697 638394
199 -211.311558 107.802656 641794
200 -211.302143 107.790071 645090
201 -211.300640 107.784790 648277
202 -211.305941 107.777864 651539
203 -211.290781 107.761787 654916
204 -211.280812 107.747619 658257
205 -211.277073 107.735540 661649
206 -211.277115 107.730097 664895
207 -211.285162 107.727467 668097
208 -211.298352 107.725137 671201
209 -211.306083 107.722420 674359
210 -211.317687 107.716735 677639
211 -211.332295 107.715843 680759
212 -211.332615 107.711792 684002
213 -211.334138 107.705835 687287
214 -211.334446 107.697196 690600
215 -211.333555 107.689635 693885
216 -211.322487 107.682672 697163
217 -211.315471 107.677617 700453
218 -211.324509 107.676409 703585
219 -211.327854 107.674364 706790
220 -211.327922 107.669870 709926
221 -211.329800 107.664641 713138
222 -211.331789 107.661840 716327
223 -211.320948 107.652530 719655
224 -211.304592 107.637117 722928
225 -211.284444 107.616444 726313
226 -211.269532 107.599937 729684
227 -211.251982 107.582001 733075
228 -211.228195 107.564223 736573
229 -211.199626 107.546538 740176
230 -211.174410 107.529938 743635
231 -211.156834 107.514409 747150
232 -211.139655 107.499877 750604
233 -211.122747 107.489454 753995
234 -211.111233 107.481502 757398
235 -211.098967 107.473374 760760
236 -211.091889 107.465315 764100
237 -211.092465 107.461423 767338
238 -211.096158 107.461945 770549
239 -211.095876 107.460072 773749
240 -211.092024 107.455595 777011
241 -211.090101 107.449378 780219
242 -211.091736 107.446694 783442
243 -211.092299 107.444386 786786
244 -211.095316 107.442213 789920
245 -211.089679 107.436851 793193
246 -211.094774 107.431533 796527
247 -211.090226 107.420590 799789
248 -211.094931 107.415207 803006
249 -211.095468 107.412163 806242
250 -211.096571 107.405086 809493
251 -211.093910 107.397325 812740
252 -211.090590 107.388549 816095
253 -211.093055 107.382552 819343
254 -211.085489 107.372778 822645
255 -211.082577 107.366835 825948
256 -211.075223 107.358817 829240
257 -211.069817 107.349250 832597
258 -211.057475 107.338151 835954
259 -211.043685 107.326145 839326
260 -211.027692 107.308297 842774
261 -211.015216 107.295457 846247
262 -211.011778 107.285932 849580
263 -211.004128 107.273982 852882
264 -210.990043 107.262825 856185
265 -210.973477 107.250189 859654
266 -210.949302 107.232438 863205
267 -210.924131 107.219262 866840
268 -210.904691 107.205810 870375
269 -210.884227 107.189697 873939
270 -210.868254 107.174286 877544
271 -210.840169 107.154718 881191
272 -210.815966 107.135924 884741
273 -210.790372 107.117164 888173
274 -210.767570 107.098071 891610
275 -210.754494 107.081351 895067
276 -210.738199 107.066874 898572
277 -210.719340 107.053275 902067
278 -210.704111 107.039363 905575
279 -210.678751 107.018228 909014
280 -210.658571 107.001633 912474
281 -210.643721 106.988510 915944
282 -210.634549 106.977964 919469
283 -210.620697 106.966078 922937
284 -210.606338 106.950604 926384
285 -210.584461 106.933835 929932
286 -210.567233 106.917732 933349
287 -210.549925 106.900647 936941
288 -210.537004 106.883036 940360
289 -210.521305 106.864755 943772
290 -210.510148 106.852020 947120
291 -210.502307 106.840108 950509
292 -210.499413 106.830088 953842
293 -210.488835 106.818235 957273
294 -210.482702 106.809670 960641
295 -210.467990 106.798305 964138
296 -210.455309 106.784218 967530
297 -210.441558 106.771429 970943
298 -210.428571 106.761649 974360
299 -210.412805 106.748782 977818
300 -210.397333 106.736524 981307
301 -210.382534 106.723398 984819
302 -210.368496 106.710643 988255
303 -210.356153 106.697690 991797
304 -210.343421 106.684164 995249
305 -210.330679 106.669555 998774
306 -210.321942 106.656489 1002173
307 -210.314937 106.639228 1005625
308 -210.304174 106.619712 1008948
309 -210.286731 106.599168 1012479
310 -210.277696 106.582581 1015980
311 -210.267892 106.566697 1019501
312 -210.259799 106.551511 1022968
313 -210.248927 106.534870 1026398
314 -210.237853 106.519472 1029917
315 -210.217234 106.499365 1033505
316 -210.196022 106.481736 1037153
317 -210.182875 106.465976 1040610
318 -210.182120 106.454403 1044039
319 -210.182176 106.444917 1047388
320 -210.177232 106.434196 1050743
321 -210.166889 106.421495 1054177
322 -210.149068 106.402618 1057662
323 -210.136577 106.388633 1061148
324 -210.127337 106.375265 1064680
325 -210.112352 106.357319 1068182
326 -210.095267 106.338694 1071714
327 -210.082045 106.322237 1075223
328 -210.073606 106.309321 1078646
329 -210.059835 106.294008 1082239
330 -210.048139 106.277662 1085729
331 -210.035477 106.262149 1089190
332 -210.025645 106.250688 1092700
333 -210.019133 106.240498 1096102
334 -210.012233 106.229213 1099437
335 -210.016034 106.221663 1102763
336 -210.008588 106.210884 1106184
337 -210.002967 106.199915 1109538
338 -209.994505 106.185461 1113120
339 -209.989212 106.171091 1116560
340 -209.980756 106.155378 1119916
341 -209.971931 106.139087 1123352
342 -209.961738 106.119006 1126783
343 -209.946772 106.095877 1130285
344 -209.934053 106.071512 1133798
345 -209.916190 106.046377 1137444
346 -209.893724 106.020314 1141134
347 -209.875010 105.993783 1144785
348 -209.854762 105.968842 1148510
349 -209.834384 105.944576 1152295
350 -209.814939 105.920857 1155961
351 -209.801547 105.898006 1159525
352 -209.785227 105.871144 1163089
353 -209.776528 105.847147 1166586
354 -209.763842 105.823002 1169999
355 -209.749940 105.798592 1173521
356 -209.745586 105.780738 1176921
357 -209.735734 105.759184 1180424
358 -209.729130 105.741740 1183962
359 -209.723756 105.727417 1187306
360 -209.718571 105.713532 1190767
361 -209.710012 105.698180 1194284
362 -209.690766 105.678611 1197877
363 -209.668713 105.655765 1201525
364 -209.644192 105.632025 1205277
365 -209.625284 105.613307 1209022
366 -209.609758 105.595238 1212656
367 -209.594005 105.579525 1216322
368 -209.582220 105.564713 1219801
369 -209.563144 105.547774 1223468
370 -209.545560 105.530386 1227030
371 -209.534386 105.516173 1230572
372 -209.524194 105.503917 1234065
373 -209.514362 105.492646 1237545
374 -209.508480 105.482238 1241046
375 -209.502552 105.472762 1244471
376 -209.497036 105.465198 1247868
377 -209.491095 105.456385 1251234
378 -209.487680 105.450151 1254639
379 -209.486091 105.443988 1258050
380 -209.486015 105.440902 1261407
381 -209.486014 105.437120 1264618
382 -209.493942 105.435901 1267864
383 -209.494442 105.432078 1271146
384 -209.494792 105.426972 1274533
385 -209.491800 105.420705 1277897
386 -209.487343 105.414434 1281314
387 -209.479439 105.408084 1284681
388 -209.462150 105.397901 1288166
389 -209.447888 105.385200 1291664
390 -209.440440 105.375971 1295269
391 -209.426525 105.364669 1298829
392 -209.414286 105.353936 1302353
393 -209.405380 105.344311 1305886
394 -209.398695 105.335569 1309383
395 -209.391248 105.328608 1312889
396 -209.380664 105.320996 1316374
397 -209.373660 105.312702 1319782
398 -209.369203 105.305169 1323222
399 -209.368421 105.300573 1326539
400 -209.375500 105.298714 1329923
401 -209.376630 105.295547 1333208
402 -209.380242 105.293213 1336429
403 -209.386742 105.289826 1339609
404 -209.391160 105.285644 1342894
405 -209.395626 105.282540 1346200
406 -209.396904 105.278044 1349400
407 -209.401895 105.275079 1352643
408 -209.404202 105.269923 1355904
409 -209.401746 105.263011 1359183
410 -209.397143 105.255714 1362573
411 -209.389712 105.244908 1366045
412 -209.381969 105.233564 1369452
413 -209.368039 105.221031 1373046
414 -209.355418 105.209455 1376704
415 -209.346575 105.198795 1380335
416 -209.339286 105.188359 1383762
417 -209.333744 105.178520 1387222
418 -209.327614 105.169481 1390802
419 -209.326014 105.162393 1394152
420 -209.325646 105.156190 1397591
421 -209.335731 105.152732 1400841
422 -209.336764 105.147224 1404074
423 -209.327119 105.137150 1407464
424 -209.321226 105.129346 1410978
425 -209.313681 105.120034 1414434
426 -209.307512 105.109490 1417840
427 -209.302242 105.098561 1421403
428 -209.289720 105.084947 1424951
429 -209.281918 105.071395 1428481
430 -209.271362 105.056246 1431959
431 -209.262844 105.043852 1435526
432 -209.254563 105.030489 1439133
433 -209.243352 105.017222 1442688
434 -209.232851 105.002864 1446279
435 -209.223251 104.987685 1449810
436 -209.213106 104.971756 1453377
437 -209.201961 104.954724 1456999
438 -209.184866 104.935421 1460717
439 -209.171168 104.918028 1464367
440 -209.157208 104.900487 1467998
441 -209.138646 104.883026 1471610
442 -209.124370 104.867033 1475307
443 -209.114092 104.850887 1478882
444 -209.103089 104.834299 1482480
445 -209.093547 104.818941 1486092
446 -209.085458 104.805926 1489569
447 -209.075040 104.792522 1493075
448 -209.063520 104.778890 1496612
449 -209.058543 104.765956 1500138
450 -209.052952 104.755206 1503615
451 -209.049604 104.743206 1507030
452 -209.048483 104.730436 1510400
453 -209.042006 104.714317 1513860
454 -209.033291 104.697011 1517352
455 -209.023799 104.681224 1520928
456 -209.013221 104.663722 1524499
457 -209.001626 104.643482 1528149
458 -208.986712 104.623893 1531717
459 -208.974292 104.605042 1535316
460 -208.966211 104.585590 1538856
461 -208.955748 104.565789 1542362
462 -208.947186 104.548856 1545930
463 -208.935514 104.530824 1549570
464 -208.922968 104.514317 1553229
465 -208.907527 104.497880 1556879
466 -208.890865 104.479215 1560644
467 -208.872805 104.461915 1564318
468 -208.854335 104.443315 1568021
469 -208.837344 104.424094 1571742
470 -208.824195 104.407082 1575478
471 -208.815165 104.391993 1579193
472 -208.803995 104.378238 1582821
473 -208.793718 104.366173 1586409
474 -208.778421 104.352200 1589984
475 -208.765053 104.339008 1593608
476 -208.753601 104.327251 1597302
477 -208.745193 104.317161 1600952
478 -208.737597 104.307262 1604445
479 -208.720847 104.293886 1608039
480 -208.704464 104.279315 1611807
481 -208.694327 104.267686 1615468
482 -208.685062 104.256313 1619059
483 -208.672819 104.245578 1622745
484 -208.658323 104.233176 1626419
485 -208.645302 104.220530 1630069
486 -208.635215 104.207907 1633618
487 -208.626870 104.195805 1637298
488 -208.617564 104.184368 1640889
489 -208.606778 104.172597 1644352
490 -208.597551 104.160146 1647901
491 -208.592319 104.150975 1651544
492 -208.588269 104.144135 1655093
493 -208.584410 104.137902 1658581
494 -208.579873 104.130567 1661968
495 -208.577431 104.125079 1665363
496 -208.570276 104.118404 1668873
497 -208.563093 104.113136 1672369
498 -208.558462 104.110987 1675845
499 -208.553564 104.109390 1679278
500 -208.550686 104.110257 1682738
501 -208.550670 104.110322 1686096
502 -208.546386 104.108964 1689598
503 -208.546549 104.107441 1693032
504 -208.548413 104.107426 1696409
505 -208.550778 104.106082 1699736
506 -208.549577 104.102287 1703025
507 -208.549394 104.101296 1706412
508 -208.545557 104.098200 1709809
509 -208.545327 104.096295 1713175
510 -208.543305 104.094538 1716552
511 -208.542298 104.092927 1719995
512 -208.541574 104.090430 1723367
513 -208.543303 104.086995 1726761
514 -208.543580 104.083241 1730033
515 -208.546019 104.079390 1733417
516 -208.547342 104.074419 1736788
517 -208.540260 104.067864 1740258
518 -208.534197 104.062079 1743761
519 -208.533058 104.057336 1747180
520 -208.531703 104.050577 1750506
521 -208.526405 104.044228 1754052
522 -208.518008 104.036946 1757645
523 -208.511718 104.030101 1761186
524 -208.508942 104.022410 1764662
525 -208.508844 104.014422 1768134
526 -208.508637 104.007224 1771556
527 -208.506099 104.000352 1774955
528 -208.504600 103.994183 1778390
529 -208.500783 103.987902 1781787
530 -208.500270 103.983774 1785180
531 -208.499220 103.978746 1788538
532 -208.501289 103.973738 1791940
533 -208.502117 103.968427 1795236
534 -208.500589 103.960300 1798614
535 -208.499119 103.953565 1802139
536 -208.500373 103.946855 1805585
537 -208.500718 103.941474 1809018
538 -208.502443 103.935422 1812440
539 -208.501617 103.929976 1815854
540 -208.497302 103.922619 1819349
541 -208.489358 103.915210 1822960
542 -208.481392 103.908487 1826539
543 -208.473033 103.900658 1830048
544 -208.465861 103.894091 1833583
545 -208.455518 103.885190 1837111
546 -208.440293 103.875746 1840801
547 -208.431444 103.867772 1844428
548 -208.421950 103.860506 1848066
549 -208.415665 103.854853 1851693
550 -208.404987 103.846909 1855244
551 -208.397822 103.840368 1858899
552 -208.393427 103.836310 1862406
553 -208.391113 103.832369 1865862
554 -208.385869 103.828958 1869326
555 -208.376782 103.823501 1872902
556 -208.374666 103.819681 1876367
557 -208.370249 103.814670 1879816
558 -208.365182 103.810189 1883348
559 -208.361257 103.806466 1886877
560 -208.358776 103.801684 1890351
561 -208.357270 103.797555 1893874
562 -208.359278 103.794255 1897302
563 -208.356204 103.788937 1900736
564 -208.351570 103.783207 1904167
565 -208.347206 103.779418 1907701
566 -208.340989 103.774987 1911341
567 -208.337717 103.771479 1914951
568 -208.335714 103.769416 1918376
569 -208.335225 103.767411 1921796
570 -208.332381 103.764612 1925280
571 -208.329747 103.762472 1928754
572 -208.325125 103.759615 1932151
573 -208.318923 103.754101 1935676
574 -208.315580 103.749303 1939190
575 -208.314236 103.744969 1942630
576 -208.310615 103.740055 1946072
577 -208.305620 103.735504 1949530
578 -208.299852 103.729461 1953061
579 -208.298544 103.724204 1956526
580 -208.295764 103.720099 1959970
581 -208.292697 103.714114 1963359
582 -208.286254 103.708346 1966821
583 -208.280519 103.701911 1970287
584 -208.278669 103.695181 1973778
585 -208.269158 103.685372 1977269
586 -208.264115 103.674988 1980834
587 -208.256121 103.664931 1984378
588 -208.248397 103.653571 1987919
589 -208.244870 103.643779 1991430
590 -208.241356 103.635303 1994925
591 -208.239497 103.628765 1998378
592 -208.238707 103.621525 2001820
593 -208.238159 103.615201 2005167
594 -208.236412 103.609211 2008624
595 -208.231068 103.600600 2011970
596 -208.225216 103.593097 2015565
597 -208.219287 103.585834 2019066
598 -208.212661 103.579408 2022562
599 -208.204961 103.573289 2026144
600 -208.200857 103.567929 2029733
601 -208.201474 103.563846 2033208
602 -208.201329 103.559824 2036566
603 -208.200805 103.554253 2039912
604 -208.197493 103.548534 2043465
605 -208.192066 103.541181 2046953
606 -208.185243 103.533640 2050594
607 -208.179101 103.524876 2054117
608 -208.171476 103.516776 2057714
609 -208.162749 103.508281 2061298
610 -208.153583 103.499789 2064897
611 -208.147300 103.490975 2068476
612 -208.144071 103.482236 2072060
613 -208.138989 103.473806 2075640
614 -208.133597 103.465054 2079227
615 -208.126690 103.454890 2082861
616 -208.120130 103.444712 2086481
617 -208.114100 103.434175 2090036
618 -208.105455 103.423000 2093641
619 -208.096884 103.412370 2097303
620 -208.086682 103.402120 2100954
621 -208.076144 103.389510 2104620
622 -208.064676 103.375976 2108308
623 -208.051043 103.361087 2112089
624 -208.037408 103.346337 2115911
625 -208.022720 103.332160 2119682
626 -208.007850 103.316203 2123660
627 -207.990385 103.302370 2127483
628 -207.978662 103.291288 2131362
629 -207.969839 103.280014 2135144
630 -207.960045 103.270272 2138696
631 -207.948381 103.262010 2142402
632 -207.940461 103.254589 2146158
633 -207.931708 103.247258 2149751
634 -207.924921 103.240198 2153326
635 -207.919190 103.231991 2156922
636 -207.911231 103.222799 2160533
637 -207.902041 103.214286 2164206
638 -207.895343 103.206270 2167839
639 -207.890409 103.198614 2171420
640 -207.885000 103.189866 2175048
641 -207.882282 103.181903 2178540
642 -207.880329 103.171874 2182000
643 -207.872339 103.161098 2185459
644 -207.867613 103.152640 2189156
645 -207.857674 103.142436 2192806
646 -207.852322 103.132508 2196461
647 -207.848885 103.124001 2199934
648 -207.845988 103.114727 2203446
649 -207.839797 103.105525 2206968
650 -207.834374 103.096198 2210525
651 -207.829713 103.087799 2214054
652 -207.822699 103.075351 2217608
653 -207.818902 103.062787 2221173
654 -207.814766 103.052403 2224721
655 -207.808462 103.040262 2228291
656 -207.801132 103.027417 2231907
657 -207.791476 103.013916 2235551
658 -207.785193 103.002714 2239259
659 -207.775721 102.990180 2242914
660 -207.765628 102.976840 2246585
661 -207.760104 102.963778 2250336
662 -207.753517 102.948856 2254044
663 -207.744969 102.933463 2257686
664 -207.735370 102.918675 2261440
665 -207.729581 102.904919 2265108
666 -207.722565 102.891334 2268764
667 -207.718227 102.877383 2272375
668 -207.711506 102.862639 2275900
669 -207.701900 102.847171 2279570
670 -207.692751 102.832751 2283355
671 -207.682010 102.817990 2287013
672 -207.674830 102.803401 2290769
673 -207.665506 102.790129 2294379
674 -207.664349 102.780458 2297903
675 -207.658201 102.767280 2301436
676 -207.653381 102.753783 2304919
677 -207.649631 102.741443 2308564
678 -207.642941 102.728234 2312159
679 -207.635346 102.716053 2315700
680 -207.627101 102.703235 2319322
681 -207.619425 102.688819 2322960
682 -207.610348 102.676183 2326673
683 -207.606359 102.665384 2330233
684 -207.605639 102.655430 2333902
685 -207.605547 102.647508 2337338
686 -207.603207 102.639900 2340690
687 -207.600042 102.630942 2344212
688 -207.596595 102.620287 2347847
689 -207.591250 102.610450 2351385
690 -207.588571 102.600745 2354980
691 -207.585611 102.593529 2358523
692 -207.581090 102.586230 2362066
693 -207.573985 102.578128 2365758
694 -207.569411 102.570976 2369371
695 -207.567400 102.563905 2372898
696 -207.564080 102.556650 2376366
697 -207.558434 102.547448 2379964
698 -207.556734 102.538866 2383553
699 -207.555038 102.531882 2387058
700 -207.551347 102.524531 2390575
701 -207.547707 102.517383 2394032
702 -207.546439 102.510989 2397614
703 -207.544320 102.504958 2401077
704 -207.545170 102.501603 2404542
705 -207.544924 102.496839 2407970
706 -207.543545 102.491522 2411504
707 -207.541604 102.486159 2414999
708 -207.538055 102.479843 2418493
709 -207.534153 102.472114 2422074
710 -207.526801 102.465070 2425787
711 -207.515893 102.456219 2429552
712 -207.507825 102.447572 2433283
713 -207.499740 102.439631 2437005
714 -207.494958 102.432653 2440498
715 -207.488991 102.425814 2444086
716 -207.486752 102.419393 2447666
717 -207.482407 102.410978 2451235
718 -207.476164 102.401472 2454913
719 -207.470415 102.391039 2458507
720 -207.463016 102.380218 2462134
721 -207.458728 102.370418 2465736
722 -207.452671 102.359854 2469420
723 -207.444141 102.348172 2473110
724 -207.436701 102.336721 2476798
725 -207.428966 102.326246 2480480
726 -207.425462 102.318044 2484110
727 -207.420986 102.308076 2487731
728 -207.414914 102.298450 2491381
729 -207.406467 102.288948 2495050
730 -207.403992 102.280646 2498704
731 -207.400274 102.273090 2502221
732 -207.393833 102.263817 2505916
733 -207.386825 102.254746 2509591
734 -207.379369 102.245932 2513299
735 -207.369913 102.237726 2517051
736 -207.360637 102.229328 2520826
737 -207.353634 102.221748 2524641
738 -207.347116 102.215157 2528357
739 -207.341891 102.208950 2532076
740 -207.334517 102.200772 2535703
741 -207.328051 102.193869 2539498
742 -207.318945 102.185849 2543159
743 -207.311978 102.178158 2546895
744 -207.304263 102.170008 2550666
745 -207.299674 102.162359 2554241
746 -207.294753 102.154883 2557733
747 -207.294550 102.149130 2561322
748 -207.295416 102.144385 2564678
749 -207.292886 102.138051 2568092
750 -207.286667 102.129905 2571660
751 -207.278714 102.120335 2575366
752 -207.272606 102.111474 2579044
753 -207.267767 102.102865 2582678
754 -207.263054 102.093823 2586252
755 -207.259565 102.085544 2589775
756 -207.255253 102.079441 2593299
757 -207.251859 102.073221 2596878
758 -207.249717 102.066773 2600395
759 -207.247958 102.060982 2603819
760 -207.246128 102.054887 2607426
761 -207.247156 102.049897 2610958
762 -207.245144 102.044357 2614474
763 -207.239356 102.036735 2617968
764 -207.233545 102.027543 2621581
765 -207.228609 102.018824 2625173
766 -207.227639 102.011488 2628746
767 -207.230732 102.004451 2632051
768 -207.230878 101.996763 2635463
769 -207.230503 101.989040 2639022
770 -207.229425 101.981354 2642437
771 -207.227163 101.972855 2645914
772 -207.224463 101.963805 2649373
773 -207.223286 101.954981 2652964
774 -207.220340 101.946530 2656537
775 -207.218433 101.936829 2659956
776 -207.213807 101.926786 2663570
777 -207.211289 101.917558 2667079
778 -207.210687 101.908630 2670608
779 -207.208106 101.899560 2674127
780 -207.204432 101.889908 2677734
781 -207.202049 101.882678 2681333
782 -207.201206 101.877494 2684824
783 -207.198942 101.871246 2688367
784 -207.195882 101.864996 2691844
785 -207.192757 101.857853 2695392
786 -207.191130 101.850800 2698932
787 -207.186967 101.842621 2702367
788 -207.183575 101.835642 2706010
789 -207.178852 101.827865 2709613
790 -207.169729 101.818861 2713276
791 -207.161784 101.810583 2717069
792 -207.155664 101.803337 2720753
793 -207.150351 101.797064 2724384
794 -207.149190 101.791922 2727980
795 -207.148104 101.787116 2731404
796 -207.147954 101.783650 2734958
797 -207.149597 101.780785 2738397
798 -207.151235 101.777641 2741833
799 -207.151940 101.774468 2745307
800 -207.154536 101.772125 2748703
801 -207.153701 101.767897 2752059
802 -207.151835 101.763805 2755532
803 -207.151219 101.758513 2759044
804 -207.147015 101.752790 2762575
805 -207.142964 101.746211 2766124
806 -207.137292 101.739862 2769758
807 -207.133050 101.734661 2773418
808 -207.131648 101.730781 2776918
809 -207.133957 101.728501 2780402
810 -207.135309 101.726067 2783735
811 -207.137397 101.725612 2787235
812 -207.138142 101.724050 2790668
813 -207.135864 101.721648 2794156
814 -207.136925 101.719691 2797651
815 -207.137599 101.717686 2801064
816 -207.135189 101.714128 2804555
817 -207.134429 101.711593 2807949
818 -207.133252 101.709797 2811381
819 -207.133368 101.708878 2814753
820 -207.131045 101.706272 2818264
821 -207.130642 101.705064 2821816
822 -207.129162 101.703354 2825167
823 -207.128762 101.701857 2828601
824 -207.128918 101.700173 2831976
825 -207.129697 101.698407 2835291
826 -207.128260 101.695278 2838636
827 -207.127310 101.692365 2842112
828 -207.127260 101.690476 2845665
829 -207.126865 101.688265 2849180
830 -207.125267 101.685542 2852664
831 -207.123259 101.681778 2856199
832 -207.122459 101.677644 2859641
833 -207.119396 101.673778 2863254
834 -207.118739 101.670778 2866728
835 -207.120719 101.669478 2870139
836 -207.124778 101.668780 2873532
837 -207.126165 101.668083 2876800
838 -207.126219 101.666059 2880178
839 -207.126750 101.666286 2883606
840 -207.127245 101.666650 2887026
841 -207.125837 101.667233 2890533
842 -207.124024 101.667017 2894130
843 -207.122149 101.667463 2897639
844 -207.122207 101.668230 2901084
845 -207.124970 101.669755 2904515
846 -207.122763 101.669436 2907964
847 -207.123495 101.669809 2911357
848 -207.124832 101.671226 2914745
849 -207.125358 101.671412 2918224
850 -207.127798 101.672118 2921729
851 -207.128051 101.672805 2925172
852 -207.131556 101.674849 2928483
853 -207.132641 101.677290 2931833
854 -207.134928 101.680495 2935079
855 -207.138613 101.685664 2938439
856 -207.142824 101.691005 2941694
857 -207.149225 101.696083 2944839
858 -207.153080 101.700683 2947987
859 -207.156328 101.705854 2951208
860 -207.163688 101.712259 2954425
861 -207.171163 101.718517 2957555
862 -207.178522 101.724644 2960856
863 -207.184638 101.730177 2963995
864 -207.189914 101.735499 2967233
865 -207.195937 101.740149 2970369
866 -207.202375 101.746140 2973647
867 -207.206097 101.750387 2976904
868 -207.210731 101.755020 2980238
869 -207.213875 101.759609 2983500
870 -207.213990 101.763662 2986862
871 -207.215089 101.767968 2990280
872 -207.221887 101.773247 2993664
873 -207.227491 101.777712 2996759
874 -207.230794 101.781203 3000026
875 -207.233012 101.784065 3003478
876 -207.234116 101.786399 3006826
877 -207.234696 101.788777 3010227
878 -207.233225 101.789408 3013648
879 -207.233447 101.790314 3017183
880 -207.235714 101.791932 3020583
881 -207.233241 101.791600 3023993
882 -207.228409 101.791027 3027616
883 -207.225692 101.790859 3031113
884 -207.222398 101.790158 3034630
885 -207.219306 101.790040 3038216
886 -207.219510 101.790632 3041694
887 -207.220905 101.793155 3045070
888 -207.222780 101.795125 3048434
889 -207.225647 101.796979 3051765
890 -207.227480 101.799053 3055089
891 -207.229598 101.801138 3058414
892 -207.233152 101.803379 3061750
893 -207.233627 101.804719 3065068
894 -207.233685 101.806056 3068526
895 -207.235435 101.806464 3071898
896 -207.236001 101.806059 3075305
897 -207.238605 101.806132 3078711
898 -207.239325 101.805982 3081973
899 -207.237661 101.805641 3085503
900 -207.239746 101.805730 3089054
901 -207.241002 101.805090 3092492
902 -207.243712 101.804862 3095822
903 -207.247050 101.805062 3099035
904 -207.248736 101.804409 3102365
905 -207.249818 101.803536 3105755
906 -207.248817 101.801104 3109128
907 -207.250748 101.799732 3112541
908 -207.251542 101.797687 3115926
909 -207.251391 101.795317 3119385
910 -207.252119 101.791978 3122871
911 -207.251435 101.788145 3126267
912 -207.250376 101.785197 3129749
913 -207.249883 101.782335 3133176
914 -207.248703 101.779697 3136668
915 -207.246526 101.777158 3140170
916 -207.244323 101.774111 3143743
917 -207.242156 101.770509 3147319
918 -207.238749 101.766636 3150949
919 -207.233857 101.762086 3154697
920 -207.228944 101.758540 3158415
921 -207.225376 101.755468 3162133
922 -207.220576 101.752185 3165781
923 -207.218790 101.748847 3169431
924 -207.215955 101.744790 3172944
925 -207.214147 101.741931 3176435
926 -207.211262 101.739031 3179876
927 -207.210079 101.736431 3183441
928 -207.210252 101.734591 3186934
929 -207.210795 101.732308 3190339
930 -207.208387 101.729539 3193731
931 -207.207703 101.727329 3197209
932 -207.202974 101.725077 3200774
933 -207.197520 101.722753 3204483
934 -207.195503 101.720710 3208049
935 -207.192819 101.718151 3211581
936 -207.189652 101.715491 3215072
937 -207.187132 101.712929 3218604
938 -207.184831 101.709671 3222184
939 -207.179188 101.704321 3225742
940 -207.172979 101.699134 3229546
941 -207.167178 101.693229 3233234
942 -207.166818 101.689718 3236715
943 -207.165551 101.686366 3240203
944 -207.166071 101.682930 3243589
945 -207.166107 101.680136 3247039
946 -207.161643 101.675748 3250529
947 -207.161050 101.672922 3254124
948 -207.158710 101.668098 3257613
949 -207.155863 10