2.200000 -92.817502 47.180313 1.373975 3.831380
2.205000 -92.380381 46.794808 1.399303 4.131161
2.210000 -91.827447 46.094741 1.487730 5.835984
2.215000 -91.384927 45.417053 1.570070 11.767881
2.220000 -91.103549 45.619030 1.489795 5.365743
2.225000 -90.369348 44.405317 1.618675 8.275163
2.230000 -89.963625 43.921805 1.613517 10.524181
2.235000 -89.417867 43.104138 1.728276 13.136970
2.240000 -88.683729 41.515437 1.978669 22.486658
2.245000 -88.331145 41.605199 1.963175 18.997606
2.250000 -87.856360 40.735854 2.027204 27.015437
2.255000 -86.948757 38.193987 2.259033 42.737185
2.260000 -87.267481 41.059111 1.766870 13.756544
2.265000 -85.923400 36.839055 2.186323 44.931310
2.270000 -85.769055 37.920771 1.987254 27.119422
2.275000 -84.661225 34.290040 2.275572 51.545910
2.280000 -84.181220 33.702209 2.263246 50.402347
2.285000 -83.699749 33.466243 2.064045 40.130077
2.290000 -82.798475 30.088015 2.173877 59.122951
2.295000 -82.104432 28.349150 2.119420 57.989727
2.300000 -81.326147 25.800029 2.115673 66.793618
