2.200000 -154.844303 78.877779 1.349827 3.619379
2.205000 -154.085629 78.041223 1.432423 5.341513
2.210000 -153.335792 77.357572 1.454885 5.203289
2.215000 -152.419088 75.940483 1.553886 9.097522
2.220000 -151.605704 74.998300 1.596747 10.495998
2.225000 -150.993672 74.780566 1.558457 7.933619
2.230000 -150.204464 73.840948 1.605312 9.026895
2.235000 -149.305182 72.641549 1.680644 11.123098
2.240000 -148.577334 72.195805 1.693391 9.612318
2.245000 -147.368361 69.684534 1.715762 16.742307
2.250000 -146.747928 69.480846 1.845632 16.397149
2.255000 -145.138064 64.369045 2.129972 50.104557
2.260000 -144.596717 64.767084 2.082754 37.491657
2.265000 -143.728362 63.971000 2.044013 34.367367
2.270000 -142.166558 59.016716 2.403875 70.735193
2.275000 -140.742305 54.005235 2.388978 99.755432
2.280000 -139.299075 46.671485 2.562223 164.934697
2.285000 -138.195324 43.998573 2.407506 146.903590
2.290000 -136.698298 35.772721 2.462719 188.264115
2.295000 -135.918538 36.859314 2.256154 149.334274
2.300000 -135.053510 33.437131 2.231263 176.823325
