-1.484694 0.001662
-1.477959 0.002174
-1.467755 0.002882
-1.471837 0.002933
-1.474898 0.002626
-1.466122 0.003221
-1.461224 0.003138
-1.465510 0.003405
-1.478776 0.001969
-1.483061 0.001610
-1.473469 0.002564
-1.472857 0.002605
-1.466735 0.003118
-1.475714 0.002369
-1.474082 0.002421
-1.456735 0.003785
-1.469796 0.002769
-1.473061 0.002431
-1.489796 0.001313
-1.454082 0.003631
-1.445918 0.002923
-1.463878 0.003487
-1.462041 0.003641
-1.464898 0.003354
-1.457143 0.003641
-1.466939 0.002810
-1.473673 0.002492
-1.477551 0.002349
-1.494286 0.000872
-1.485714 0.001549
-1.463061 0.003128
-1.469184 0.002923
-1.459184 0.003385
-1.474694 0.002297
-1.476122 0.002246
-1.458776 0.003446
-1.467551 0.002872
-1.470000 0.003026
-1.475102 0.002585
-1.478980 0.002185
-1.456531 0.003528
-1.460000 0.003313
-1.440000 0.002800
-1.439388 0.002615
-1.453265 0.003508
-1.444286 0.003046
-1.462245 0.003621
-1.430612 0.001969
-1.449796 0.003436
-1.444898 0.003138
-1.426939 0.001651
-1.411224 0.000697
-1.436735 0.002913
-1.422449 0.001303
-1.426327 0.001682
-1.398980 0.000226
-1.420204 0.001221
-1.427551 0.001826
-1.422653 0.001323
-1.423878 0.001528
-1.425510 0.001579
-1.418571 0.001005
-1.397755 0.000215
-1.408980 0.000667
-1.407755 0.000533
-1.421633 0.001138
-1.414490 0.000851
-1.426531 0.001928
-1.435306 0.002174
-1.454898 0.003415
-1.458163 0.003282
-1.456122 0.003569
-1.452041 0.003405
-1.445510 0.003497
-1.430408 0.001887
-1.443673 0.003241
-1.446735 0.003169
-1.431020 0.002041
-1.438776 0.002472
-1.431837 0.002256
-1.436531 0.002359
-1.441633 0.002749
-1.436122 0.002349
-1.434898 0.002236
-1.429388 0.001836
-1.417143 0.000903
-1.417347 0.001036
-1.411429 0.000779
-1.410816 0.000615
-1.414286 0.000821
-1.433061 0.002051
-1.441224 0.002513
-1.442041 0.002831
-1.442857 0.002903
-1.441429 0.003087
-1.420816 0.001241
-1.420000 0.001251
-1.428776 0.001815
-1.405102 0.000503
-1.409796 0.000492
-1.430816 0.002103
-1.426735 0.001785
-1.438571 0.002656
-1.441837 0.002995
-1.412857 0.000882
-1.416327 0.000954
-1.419796 0.000995
-1.413469 0.000646
-1.437347 0.002369
-1.414082 0.000954
-1.433265 0.002195
-1.410612 0.000667
-1.397959 0.000205
-1.392857 0.000195
-1.402041 0.000349
-1.421224 0.001190
-1.425714 0.001682
-1.425918 0.001590
-1.433469 0.002338
-1.421837 0.001190
-1.415102 0.000667
-1.407347 0.000451
-1.406327 0.000503
-1.406939 0.000410
-1.409388 0.000513
-1.408776 0.000513
-1.434082 0.002144
-1.436939 0.002544
-1.457551 0.003262
-1.450408 0.003764
-1.453878 0.003405
-1.446531 0.003559
-1.415714 0.000708
-1.419184 0.000923
-1.409184 0.000667
-1.423061 0.001446
-1.408367 0.000503
-1.413878 0.000933
-1.416531 0.000985
-1.427755 0.001733
-1.431633 0.001897
-1.439592 0.003015
-1.432857 0.002256
-1.431224 0.002092
-1.421429 0.001251
-1.443469 0.002933
-1.455918 0.003456
-1.434286 0.002544
-1.432041 0.002123
-1.418980 0.000985
-1.432449 0.002195
-1.434694 0.002390
-1.435918 0.002646
-1.453673 0.003005
-1.443061 0.003005
-1.458571 0.003549
-1.447347 0.003200
-1.439796 0.002821
-1.440204 0.002841
-1.452653 0.003436
-1.452245 0.003282
-1.458367 0.003467
-1.448776 0.003179
-1.467347 0.003221
-1.464082 0.003364
-1.465714 0.003415
-1.480204 0.001826
-1.492857 0.000800
-1.470816 0.002872
-1.495714 0.000810
-1.490816 0.000944
-1.487143 0.001313
-1.482041 0.001764
-1.475510 0.002544
-1.477143 0.002400
-1.452449 0.003313
-1.463265 0.003333
-1.483265 0.001569
-1.484082 0.001682
-1.482653 0.001815
-1.502041 0.000523
-1.505714 0.000256
-1.490204 0.000985
-1.496735 0.000810
-1.498163 0.000544
-1.490612 0.000923
-1.494082 0.000892
-1.485306 0.001436
-1.468367 0.002944
-1.492245 0.000841
-1.499592 0.000533
-1.493673 0.000872
-1.481224 0.001754
-1.495510 0.000656
-1.502857 0.000359
-1.468571 0.002944
-1.470612 0.002913
-1.478163 0.002318
-1.472245 0.002656
-1.470408 0.002708
-1.477755 0.002318
-1.488776 0.001251
-1.504286 0.000318
-1.479184 0.002236
-1.476939 0.002256
-1.480816 0.001856
-1.477347 0.002369
-1.468163 0.003128
-1.486939 0.001159
-1.494490 0.000585
-1.493469 0.000933
-1.473878 0.002503
-1.437959 0.002410
-1.449184 0.003426
-1.454286 0.003641
-1.457959 0.003221
-1.464694 0.003446
-1.483469 0.001733
-1.495102 0.000882
-1.487755 0.001344
-1.500204 0.000472
-1.487347 0.001364
-1.467143 0.002862
-1.472653 0.002615
-1.471020 0.002544
-1.447143 0.003036
-1.491837 0.000944
-1.483878 0.001374
-1.489388 0.001005
-1.505510 0.000277
-1.503469 0.000256
-1.488571 0.000995
-1.487551 0.001354
-1.491429 0.000995
-1.496122 0.000687
-1.491020 0.001077
-1.488367 0.001026
-1.489592 0.001026
-1.504898 0.000349
-1.499184 0.000564
-1.474490 0.002523
-1.471429 0.002636
-1.454694 0.003713
-1.476735 0.001918
-1.490408 0.001179
-1.482449 0.001938
-1.451633 0.003467
-1.460816 0.003713
-1.462857 0.003467
-1.478571 0.002185
-1.487959 0.001179
-1.482857 0.001682
-1.488163 0.001374
-1.486122 0.001528
-1.484490 0.001405
-1.472041 0.002626
-1.497551 0.000677
-1.450612 0.003385
-1.442245 0.002944
-1.437143 0.002513
-1.438163 0.002605
-1.455714 0.003118
-1.446939 0.003005
-1.445102 0.003026
-1.460408 0.003303
-1.457347 0.003333
-1.455510 0.003354
-1.443878 0.003138
-1.438367 0.002882
-1.452857 0.003272
-1.489184 0.001026
-1.497755 0.000708
-1.485102 0.001703
-1.471224 0.002277
-1.501429 0.000431
-1.485918 0.001785
-1.486531 0.001251
-1.493878 0.000872
-1.479388 0.002021
-1.479796 0.001928
-1.481429 0.001938
-1.483673 0.001518
-1.463469 0.003456
-1.466327 0.002923
-1.465306 0.002995
-1.459388 0.003323
-1.454490 0.003692
-1.449592 0.003477
-1.442653 0.003118
-1.451429 0.003692
-1.462653 0.003364
-1.460204 0.003610
-1.435102 0.002236
-1.448367 0.003077
-1.446327 0.003446
-1.446122 0.003179
-1.422857 0.001559
-1.434490 0.002328
-1.451020 0.003231
-1.448163 0.003703
-1.467959 0.002995
-1.464286 0.003333
-1.461633 0.003344
-1.495306 0.000687
-1.491633 0.000985
-1.466531 0.003292
-1.501633 0.000410
-1.480000 0.002092
-1.471633 0.002595
-1.465918 0.003344
-1.469388 0.002697
-1.451224 0.003036
-1.488980 0.001169
-1.474286 0.002338
-1.469592 0.002738
-1.429592 0.002021
-1.481020 0.001815
-1.476327 0.002697
-1.470204 0.002759
-1.459592 0.003528
-1.441020 0.002882
-1.450816 0.003528
-1.480408 0.002236
-1.447551 0.003405
-1.428163 0.001774
-1.438980 0.002769
-1.433878 0.002154
-1.423265 0.001446
-1.413265 0.000790
-1.430000 0.001805
-1.436327 0.002585
-1.445306 0.003569
-1.448571 0.003005
-1.484898 0.001415
-1.482245 0.001713
-1.503878 0.000400
-1.451837 0.003651
-1.455306 0.003169
-1.473265 0.002410
-1.475918 0.002287
-1.448980 0.003046
-1.462449 0.003026
-1.447755 0.003231
-1.480612 0.001846
-1.459796 0.003559
-1.423673 0.001313
-1.429796 0.001867
-1.429184 0.002031
-1.425102 0.001436
-1.440408 0.002821
-1.432653 0.002103
-1.431429 0.001856
-1.461837 0.003374
-1.428980 0.001969
-1.423469 0.001559
-1.450000 0.003456
-1.445714 0.003179
-1.453061 0.003303
-1.420612 0.001097
-1.481633 0.001846
-1.478367 0.002000
-1.461429 0.003508
-1.461020 0.003518
-1.456327 0.003600
-1.457755 0.003579
-1.453469 0.003262
-1.447959 0.003036
-1.490000 0.001087
-1.476531 0.002328
-1.468980 0.003015
-1.500408 0.000462
-1.485510 0.001477
-1.496531 0.000769
-1.495918 0.000810
-1.455102 0.003303
-1.449388 0.003508
-1.486327 0.001323
-1.465102 0.003026
-1.456939 0.003344
-1.496327 0.000677
-1.510612 0.000113
-1.531837 0.000041
-1.521429 0.000062
-1.513265 0.000185
-1.503265 0.000369
-1.496939 0.000697
-1.492653 0.001015
-1.479592 0.001928
-1.492449 0.001015
-1.504490 0.000318
-1.513878 0.000123
-1.493265 0.000749
-1.505102 0.000297
-1.440816 0.002851
-1.444694 0.002954
-1.427959 0.001877
-1.440612 0.003087
-1.458980 0.003467
-1.450204 0.003251
-1.493061 0.000687
-1.498980 0.000410
-1.502449 0.000472
-1.514490 0.000092
-1.522449 0.000041
-1.523061 0.000021
-1.510408 0.000195
-1.464490 0.003210
-1.481837 0.001600
-1.505918 0.000297
-1.472449 0.002615
-1.500816 0.000441
-1.486735 0.001241
-1.468776 0.003067
-1.497143 0.000667
-1.498571 0.000533
-1.499796 0.000431
-1.484286 0.001692
-1.498367 0.000646
-1.506531 0.000236
-1.492041 0.001026
-1.444082 0.003251
-1.503061 0.000431
-1.508163 0.000236
-1.515918 0.000092
-1.501837 0.000451
-1.511429 0.000123
-1.507959 0.000256
-1.501224 0.000410
-1.504082 0.000236
-1.509796 0.000144
-1.508980 0.000154
-1.491224 0.001046
-1.437755 0.002728
-1.437551 0.002462
-1.494694 0.000718
-1.442449 0.002974
-1.411020 0.000626
-1.463673 0.003251
-1.494898 0.000769
-1.516122 0.000103
-1.515714 0.000072
-1.507755 0.000154
-1.475306 0.002503
-1.424694 0.001569
-1.416939 0.000974
-1.433673 0.002205
-1.426122 0.001579
-1.428367 0.001928
-1.428571 0.001959
-1.439184 0.002872
-1.427143 0.001672
-1.443265 0.003026
-1.399184 0.000277
-1.410204 0.000574
-1.418367 0.000985
-1.425306 0.001703
-1.444490 0.002923
-1.435510 0.002410
-1.435714 0.002359
-1.500000 0.000564
-1.460612 0.003282
-1.415510 0.000851
-1.418163 0.001067
-1.407551 0.000472
-1.432245 0.002195
-1.419388 0.001056
-1.418776 0.001108
-1.424898 0.001497
-1.416122 0.001077
-1.417959 0.001210
-1.419592 0.001179
-1.422041 0.001354
-1.421020 0.001313
-1.427347 0.001949
-1.424082 0.001292
-1.415918 0.000810
-1.424490 0.001579
-1.430204 0.002062
-1.412041 0.000738
-1.417551 0.001026
-1.403265 0.000267
-1.403469 0.000318
-1.401633 0.000328
-1.424286 0.001538
-1.420408 0.001159
-1.417755 0.001149
-1.405918 0.000369
-1.416735 0.000923
-1.415306 0.000974
-1.406122 0.000390
-1.401224 0.000308
-1.384898 0.000103
-1.422245 0.001395
-1.394694 0.000246
-1.390408 0.000103
-1.404490 0.000338
-1.392653 0.000174
-1.383673 0.000123
-1.389388 0.000113
-1.387755 0.000082
-1.402245 0.000410
-1.412653 0.000728
-1.405306 0.000482
-1.392449 0.000144
-1.410408 0.000503
-1.499388 0.000431
-1.414694 0.000841
-1.406735 0.000472
-1.404082 0.000544
-1.502653 0.000431
-1.498776 0.000646
-1.411633 0.000841
-1.497347 0.000697
-1.500612 0.000605
-1.503673 0.000236
-1.497959 0.000646
-1.509184 0.000092
-1.512653 0.000144
-1.513673 0.000092
-1.506327 0.000328
-1.508776 0.000174
-1.508571 0.000256
-1.513061 0.000123
-1.509388 0.000195
-1.502245 0.000369
-1.511633 0.000226
-1.512245 0.000154
-1.506939 0.000246
-1.507347 0.000226
-1.517959 0.000041
-1.501020 0.000472
-1.505306 0.000195
-1.509592 0.000226
-1.512041 0.000185
-1.412449 0.000656
-1.406531 0.000533
-1.507143 0.000287
-1.516939 0.000051
-1.517755 0.000062
-1.536939 0.000021
-1.529592 0.000041
-1.534286 0.000010
-1.518163 0.000041
-1.511837 0.000123
-1.408571 0.000636
-1.403061 0.000379
-1.408163 0.000544
-1.401429 0.000287
-1.398571 0.000226
-1.399592 0.000267
-1.391020 0.000144
-1.413061 0.000821
-1.394490 0.000215
-1.401020 0.000400
-1.388571 0.000113
-1.393673 0.000123
-1.380408 0.000021
-1.394898 0.000185
-1.381224 0.000062
-1.393469 0.000154
-1.399796 0.000267
-1.382857 0.000082
-1.414898 0.000800
-1.413673 0.000749
-1.402857 0.000390
-1.402653 0.000308
-1.397347 0.000215
-1.404286 0.000369
-1.412245 0.000810
-1.388163 0.000113
-1.400612 0.000277
-1.385918 0.000062
-1.411837 0.000574
-1.395102 0.000185
-1.407143 0.000533
-1.508367 0.000185
-1.516531 0.000103
-1.504694 0.000297
-1.520000 0.000051
-1.513469 0.000164
-1.518980 0.000031
-1.511224 0.000103
-1.510000 0.000103
-1.515306 0.000103
-1.516327 0.000041
-1.520612 0.000051
-1.514694 0.000082
-1.507551 0.000205
-1.526122 0.000031
-1.527755 0.000021
-1.516735 0.000031
-1.506735 0.000256
-1.512857 0.000154
-1.517143 0.000031
-1.521837 0.000072
-1.529388 0.000021
-1.506122 0.000215
-1.395918 0.000164
-1.399388 0.000277
-1.405714 0.000369
-1.400408 0.000328
-1.392041 0.000154
-1.396122 0.000205
-1.405510 0.000369
-1.514286 0.000082
-1.517347 0.000041
-1.512449 0.000123
-1.410000 0.000656
-1.396531 0.000308
-1.403878 0.000328
-1.375714 0.000051
-1.384286 0.000123
-1.393878 0.000164
-1.384082 0.000021
-1.395306 0.000164
-1.390612 0.000144
-1.372857 0.000021
-1.400000 0.000349
-1.407959 0.000431
-1.409592 0.000636
-1.392245 0.000103
-1.390000 0.000185
-1.385102 0.000051
-1.389796 0.000164
-1.394286 0.000133
-1.398776 0.000256
-1.403673 0.000287
-1.404694 0.000318
-1.396939 0.000287
-1.383265 0.000103
-1.400204 0.000369
-1.404898 0.000287
-1.397143 0.000256
-1.396327 0.000236
-1.391633 0.000113
-1.398163 0.000205
-1.389184 0.000144
-1.394082 0.000174
-1.383469 0.000062
-1.388367 0.000123
-1.382449 0.000072
-1.393061 0.000123
-1.387347 0.000154
-1.378571 0.000021
-1.390816 0.000133
-1.401837 0.000297
-1.402449 0.000297
-1.382041 0.000062
-1.389592 0.000133
-1.385510 0.000133
-1.387551 0.000051
-1.385714 0.000123
-1.395510 0.000246
-1.518776 0.000082
-1.377347 0.000041
-1.385306 0.000113
-1.379592 0.000031
-1.391837 0.000215
-1.397551 0.000246
-1.530000 0.000010
-1.527959 0.000021
-1.519592 0.000072
-1.522857 0.000031
-1.514898 0.000164
-1.515102 0.000144
-1.510204 0.000185
-1.533265 0.000010
-1.510816 0.000205
-1.520408 0.000062
-1.527347 0.000010
-1.521633 0.000031
-1.522041 0.000062
-1.518367 0.000072
-1.523469 0.000031
-1.398367 0.000205
-1.519388 0.000082
-1.521020 0.000041
-1.523878 0.000021
-1.391429 0.000123
-1.393265 0.000113
-1.391224 0.000123
-1.387959 0.000092
-1.386531 0.000072
-1.377143 0.000021
-1.383878 0.000072
-1.382653 0.000051
-1.375918 0.000021
-1.381633 0.000031
-1.383061 0.000041
-1.395714 0.000205
-1.380204 0.000072
-1.396735 0.000195
-1.511020 0.000133
-1.390204 0.000144
-1.517551 0.000041
-1.518571 0.000072
-1.520204 0.000031
-1.522245 0.000021
-1.528980 0.000010
-1.514082 0.000041
-1.519184 0.000031
-1.532857 0.000021
-1.524286 0.000021
-1.379184 0.000021
-1.378367 0.000072
-1.373878 0.000051
-1.366531 0.000021
-1.363878 0.000021
-1.400816 0.000246
-1.376735 0.000021
-1.365918 0.000021
-1.365510 0.000010
-1.388980 0.000092
-1.379388 0.000041
-1.386939 0.000062
-1.386122 0.000051
-1.387143 0.000123
-1.380816 0.000021
-1.372245 0.000010
-1.367755 0.000021
-1.348571 0.000010
-1.377755 0.000021
-1.388776 0.000113
-1.381837 0.000062
-1.528163 0.000031
-1.370816 0.000010
-1.520816 0.000021
-1.523673 0.000021
-1.535510 0.000010
-1.524490 0.000021
-1.530204 0.000010
-1.526531 0.000031
-1.515510 0.000092
-1.524082 0.000031
-1.526327 0.000031
-1.386327 0.000041
-1.373061 0.000010
-1.375510 0.000021
-1.381429 0.000062
-1.374898 0.000021
-1.370408 0.000021
-1.380612 0.000010
-1.376122 0.000021
-1.386735 0.000123
-1.372449 0.000021
-1.364898 0.000010
-1.373469 0.000010
-1.519796 0.000021
-1.524694 0.000010
-1.524898 0.000021
-1.537347 0.000010
-1.532245 0.000010
-1.525510 0.000010
-1.364694 0.000010
-1.374286 0.000021
-1.379796 0.000031
-1.366122 0.000021
-1.374490 0.000031
-1.361633 0.000010
-1.376939 0.000021
-1.368163 0.000010
-1.372653 0.000021
-1.384490 0.000041
-1.378163 0.000010
-1.374694 0.000010
-1.384694 0.000041
-1.375102 0.000031
-1.371429 0.000010
-1.376531 0.000031
-1.371224 0.000021
-1.381020 0.000021
-1.382245 0.000051
-1.364082 0.000010
-1.380000 0.000010
-1.374082 0.000021
-1.377959 0.000021
-1.369388 0.000010
-1.362449 0.000010
-1.364490 0.000010
-1.362653 0.000010
-1.365306 0.000021
-1.529184 0.000010
-1.528367 0.000010
-1.525714 0.000010
-1.540612 0.000010
-1.532041 0.000010
-1.370204 0.000010
-1.372041 0.000010
-1.378980 0.000010
-1.523265 0.000010
-1.373673 0.000010
-1.375306 0.000010
-1.522653 0.000010
0.000000 18192.941005
