-17264.000000 465
-17444.000000 928
-17508.000000 844
-17600.000000 656
-17616.000000 654
-17632.000000 540
-17564.000000 776
-17436.000000 925
-17604.000000 652
-17576.000000 719
-17456.000000 896
-17400.000000 836
-17460.000000 908
-17392.000000 837
-17588.000000 689
-17684.000000 415
-17776.000000 156
-17820.000000 84
-17996.000000 4
-17676.000000 397
-17620.000000 586
-17644.000000 496
-17432.000000 888
-17324.000000 637
-17236.000000 386
-17212.000000 331
-17232.000000 380
-17412.000000 869
-17424.000000 878
-17464.000000 922
-17352.000000 730
-17340.000000 665
-17260.000000 450
-17468.000000 903
-17488.000000 911
-17500.000000 934
-17448.000000 890
-17528.000000 813
-17344.000000 689
-17544.000000 824
-17640.000000 583
-17664.000000 441
-17504.000000 870
-17652.000000 474
-17752.000000 223
-17792.000000 109
-17548.000000 747
-17388.000000 818
-17316.000000 644
-17396.000000 886
-17628.000000 596
-17492.000000 842
-17276.000000 515
-17304.000000 567
-17348.000000 779
-17380.000000 818
-17252.000000 437
-17524.000000 883
-17476.000000 907
-17520.000000 874
-17376.000000 815
-17496.000000 837
-17692.000000 328
-17404.000000 824
-17268.000000 507
-17572.000000 790
-17360.000000 807
-17384.000000 848
-17568.000000 758
-17296.000000 581
-17216.000000 337
-17328.000000 700
-17280.000000 505
-17292.000000 594
-17112.000000 140
-16980.000000 25
-17612.000000 652
-17428.000000 920
-17452.000000 930
-17336.000000 690
-17552.000000 763
-17312.000000 623
-17356.000000 732
-17244.000000 384
-17176.000000 241
-17364.000000 822
-17532.000000 845
-17220.000000 346
-17188.000000 258
-17172.000000 198
-17540.000000 838
-17156.000000 205
-17472.000000 861
-17556.000000 769
-17368.000000 793
-17420.000000 861
-17416.000000 913
-17624.000000 581
-17592.000000 680
-17408.000000 848
-17076.000000 81
-17080.000000 80
-17160.000000 202
-17512.000000 876
-17536.000000 796
-17484.000000 955
-17680.000000 386
-17228.000000 350
-17320.000000 667
-17720.000000 278
-17816.000000 85
-17716.000000 308
-17960.000000 7
-17912.000000 19
-17660.000000 482
-17696.000000 337
-17712.000000 290
-17756.000000 179
-17480.000000 909
-17748.000000 224
-17608.000000 645
-17736.000000 237
-17788.000000 145
-17688.000000 374
-17916.000000 26
-17796.000000 121
-17760.000000 192
-17152.000000 176
-17132.000000 164
-17308.000000 591
-17332.000000 675
-17204.000000 292
-17288.000000 526
-17708.000000 330
-17516.000000 942
-17584.000000 727
-17824.000000 106
-17560.000000 681
-17372.000000 788
-17256.000000 428
-17116.000000 139
-17072.000000 72
-17284.000000 525
-17636.000000 523
-17656.000000 466
-17700.000000 336
-17784.000000 149
-17704.000000 311
-17812.000000 93
-17740.000000 224
-17764.000000 169
-17840.000000 58
-17888.000000 28
-17648.000000 492
-17772.000000 147
-17196.000000 265
-17168.000000 245
-17300.000000 565
-17836.000000 62
-17808.000000 109
-17248.000000 436
-17596.000000 612
-17224.000000 341
-17668.000000 486
-17580.000000 682
-17804.000000 117
-18024.000000 2
-17672.000000 412
-17108.000000 113
-17032.000000 37
-17124.000000 147
-17240.000000 399
-17192.000000 299
-17056.000000 54
-17148.000000 187
-17732.000000 244
-17728.000000 229
-17724.000000 277
-17100.000000 91
-17936.000000 19
-17980.000000 8
-17440.000000 905
-17184.000000 230
-17088.000000 106
-17084.000000 104
-16952.000000 17
-17060.000000 67
-17200.000000 280
-17096.000000 106
-17180.000000 240
-17164.000000 217
-17844.000000 67
-17884.000000 38
-17136.000000 150
-17012.000000 34
-17780.000000 148
-17956.000000 10
-17272.000000 494
-17744.000000 212
-17208.000000 313
-17832.000000 60
-17768.000000 153
-17092.000000 98
-17048.000000 64
-17104.000000 125
-17068.000000 73
-17008.000000 47
-17828.000000 74
-17872.000000 55
-17876.000000 48
-17128.000000 146
-17140.000000 172
-17036.000000 45
-17028.000000 48
-17892.000000 24
-16972.000000 15
-17904.000000 27
-17976.000000 10
-17948.000000 12
-17848.000000 66
-18008.000000 7
-17000.000000 30
-16996.000000 36
-17860.000000 41
-17120.000000 132
-17800.000000 120
-17864.000000 54
-17852.000000 57
-16924.000000 10
-17144.000000 184
-17044.000000 56
-16976.000000 19
-17940.000000 19
-18072.000000 2
-17920.000000 17
-17052.000000 57
-17868.000000 42
-18000.000000 1
-17020.000000 35
-17952.000000 10
-17856.000000 43
-17064.000000 80
-16988.000000 25
-17908.000000 20
-17964.000000 9
-17040.000000 59
-16948.000000 19
-16940.000000 14
-17004.000000 32
-16956.000000 15
-16928.000000 22
-16932.000000 7
-17024.000000 38
-17900.000000 27
-16912.000000 10
-17988.000000 7
-17880.000000 38
-17932.000000 18
-17896.000000 29
-16992.000000 28
-17944.000000 13
-17984.000000 8
-18004.000000 2
-16968.000000 26
-16920.000000 3
-16884.000000 5
-16960.000000 18
-16964.000000 21
-17016.000000 44
-18016.000000 3
-17924.000000 22
-16796.000000 1
-16872.000000 5
-16904.000000 4
-16916.000000 16
-16984.000000 20
-17928.000000 12
-16908.000000 4
-16900.000000 7
-16868.000000 4
-16896.000000 7
-16788.000000 1
-16756.000000 1
-16820.000000 2
-16828.000000 2
-16944.000000 9
-17972.000000 5
-16808.000000 3
-16888.000000 5
-16688.000000 1
-17968.000000 9
-16840.000000 2
-17992.000000 6
-16860.000000 3
-18040.000000 4
-16892.000000 7
-16936.000000 4
-16800.000000 1
-18032.000000 2
-16848.000000 2
-16880.000000 3
-16780.000000 1
-16876.000000 7
-18020.000000 2
-18052.000000 4
-18012.000000 2
-18104.000000 1
-16812.000000 1
-18036.000000 2
-18076.000000 1
-18056.000000 1
-16804.000000 1
-16748.000000 2
-16856.000000 1
-16844.000000 2
-18044.000000 1
-16708.000000 1
-18028.000000 2
-16776.000000 1
-16852.000000 1
-16836.000000 1
-16864.000000 3
-18064.000000 1
-18048.000000 1
-18124.000000 1
-16752.000000 1
-16744.000000 1
0.000000 1748622222
