-508.000000 2443
-588.000000 793
-572.000000 1079
-536.000000 1886
-552.000000 1501
-516.000000 2363
-568.000000 1170
-532.000000 1944
-564.000000 1283
-560.000000 1280
-556.000000 1441
-544.000000 1765
-584.000000 876
-600.000000 562
-596.000000 660
-576.000000 1045
-512.000000 2409
-476.000000 2635
-540.000000 1719
-628.000000 262
-524.000000 2080
-520.000000 2257
-580.000000 924
-528.000000 1983
-604.000000 523
-616.000000 364
-496.000000 2631
-592.000000 739
-456.000000 2322
-500.000000 2473
-464.000000 2572
-492.000000 2609
-632.000000 203
-444.000000 2032
-480.000000 2695
-504.000000 2462
-472.000000 2749
-488.000000 2659
-448.000000 2218
-424.000000 1438
-468.000000 2694
-484.000000 2620
-548.000000 1632
-428.000000 1531
-440.000000 1928
-452.000000 2377
-416.000000 1200
-436.000000 1849
-432.000000 1731
-460.000000 2427
-608.000000 492
-624.000000 304
-644.000000 127
-676.000000 22
-660.000000 75
-620.000000 340
-640.000000 133
-612.000000 412
-652.000000 77
-400.000000 679
-376.000000 230
-408.000000 926
-384.000000 351
-412.000000 984
-396.000000 573
-392.000000 495
-404.000000 786
-372.000000 182
-420.000000 1282
-380.000000 303
-388.000000 417
-684.000000 19
-648.000000 121
-360.000000 111
-340.000000 22
-368.000000 161
-364.000000 115
-356.000000 84
-348.000000 54
-668.000000 34
-664.000000 45
-688.000000 6
-636.000000 185
-656.000000 69
-332.000000 16
-352.000000 71
-672.000000 38
-344.000000 34
-300.000000 3
-680.000000 18
-692.000000 8
-336.000000 16
-720.000000 3
-696.000000 5
-700.000000 1
-312.000000 2
-736.000000 1
-328.000000 6
-320.000000 5
-304.000000 3
-324.000000 7
-708.000000 3
-712.000000 2
-716.000000 2
-704.000000 2
-728.000000 1
