-17220.000000 563
-17404.000000 967
-17456.000000 851
-17588.000000 494
-17576.000000 508
-17608.000000 436
-17500.000000 712
-17412.000000 875
-17584.000000 455
-17552.000000 614
-17432.000000 894
-17364.000000 902
-17400.000000 852
-17304.000000 813
-17524.000000 631
-17640.000000 296
-17712.000000 138
-17696.000000 181
-17816.000000 44
-17484.000000 783
-17428.000000 884
-17452.000000 872
-17440.000000 881
-17276.000000 746
-17208.000000 525
-17092.000000 208
-17096.000000 228
-17156.000000 368
-17328.000000 881
-17300.000000 778
-17108.000000 223
-17392.000000 831
-17280.000000 788
-17312.000000 811
-17424.000000 872
-17252.000000 644
-17460.000000 818
-17556.000000 570
-17332.000000 842
-17616.000000 359
-17628.000000 314
-17380.000000 864
-17464.000000 797
-17720.000000 147
-17600.000000 432
-17288.000000 707
-17212.000000 496
-17240.000000 642
-17520.000000 664
-17436.000000 825
-17216.000000 523
-17244.000000 654
-17284.000000 793
-17176.000000 478
-17324.000000 838
-17388.000000 853
-17336.000000 843
-17444.000000 846
-17184.000000 450
-17488.000000 773
-17316.000000 818
-17356.000000 909
-17344.000000 893
-17228.000000 576
-17140.000000 317
-17204.000000 513
-16996.000000 82
-16892.000000 15
-17512.000000 739
-17508.000000 691
-17368.000000 900
-17188.000000 491
-17224.000000 565
-17360.000000 887
-17416.000000 884
-17308.000000 812
-17120.000000 265
-17048.000000 142
-17352.000000 892
-17064.000000 183
-17032.000000 136
-17256.000000 650
-17008.000000 87
-16940.000000 35
-17116.000000 274
-17320.000000 850
-17040.000000 154
-17124.000000 307
-17132.000000 347
-17192.000000 456
-17348.000000 875
-17272.000000 696
-17496.000000 731
-17472.000000 771
-17268.000000 705
-17004.000000 79
-17104.000000 255
-17396.000000 880
-17620.000000 333
-17376.000000 925
-17248.000000 628
-17792.000000 49
-17716.000000 125
-17812.000000 41
-17684.000000 178
-17660.000000 258
-17748.000000 99
-17912.000000 6
-17896.000000 11
-17536.000000 611
-17560.000000 540
-17540.000000 597
-17532.000000 684
-17596.000000 424
-17664.000000 259
-17676.000000 219
-17516.000000 692
-17592.000000 457
-17468.000000 782
-17704.000000 137
-17564.000000 559
-17800.000000 53
-17692.000000 185
-17672.000000 206
-17760.000000 73
-17636.000000 321
-17080.000000 216
-17264.000000 703
-17480.000000 756
-17196.000000 471
-17148.000000 350
-17160.000000 379
-17744.000000 94
-17408.000000 904
-17384.000000 904
-17296.000000 789
-17568.000000 541
-17236.000000 594
-17164.000000 408
-17024.000000 112
-17580.000000 502
-17448.000000 812
-17144.000000 339
-17076.000000 192
-17260.000000 648
-17476.000000 821
-17644.000000 284
-17652.000000 263
-17752.000000 99
-17572.000000 506
-17612.000000 379
-17804.000000 42
-17780.000000 76
-17292.000000 768
-17232.000000 616
-17528.000000 679
-17624.000000 333
-17736.000000 104
-17688.000000 178
-17044.000000 141
-17128.000000 287
-17088.000000 202
-17372.000000 858
-17544.000000 615
-17708.000000 141
-17504.000000 697
-17700.000000 185
-17548.000000 540
-17420.000000 858
-17668.000000 257
-17728.000000 111
-17976.000000 1
-17492.000000 733
-17152.000000 364
-17020.000000 125
-17060.000000 161
-17072.000000 198
-17100.000000 234
-17788.000000 62
-17680.000000 184
-17200.000000 481
-17168.000000 367
-17820.000000 28
-17872.000000 18
-17340.000000 786
-17180.000000 445
-17036.000000 126
-17112.000000 299
-16896.000000 21
-17056.000000 155
-17740.000000 130
-17068.000000 211
-17000.000000 94
-17172.000000 397
-16992.000000 80
-17784.000000 71
-16948.000000 67
-17724.000000 130
-17856.000000 19
-17632.000000 337
-17136.000000 333
-17604.000000 402
-17656.000000 237
-16952.000000 53
-17028.000000 105
-17756.000000 77
-17084.000000 222
-16908.000000 31
-16980.000000 68
-16860.000000 12
-16964.000000 59
-17012.000000 86
-16944.000000 30
-16916.000000 20
-16976.000000 60
-16932.000000 36
-17768.000000 59
-17052.000000 158
-16920.000000 32
-16960.000000 58
-16876.000000 17
-16924.000000 33
-17648.000000 256
-17764.000000 79
-17732.000000 116
-17840.000000 22
-17868.000000 12
-17860.000000 18
-17900.000000 12
-17888.000000 9
-16872.000000 17
-16968.000000 55
-17832.000000 28
-17796.000000 44
-16972.000000 62
-16800.000000 6
-17016.000000 90
-16904.000000 26
-16888.000000 25
-17772.000000 58
-17924.000000 7
-17928.000000 5
-18060.000000 1
-16984.000000 68
-17808.000000 37
-17848.000000 23
-17776.000000 58
-16988.000000 67
-17824.000000 27
-17884.000000 8
-16824.000000 4
-16820.000000 8
-16936.000000 33
-16912.000000 26
-16900.000000 18
-16792.000000 4
-16928.000000 41
-16848.000000 11
-16852.000000 11
-17852.000000 21
-17844.000000 25
-16816.000000 3
-16808.000000 5
-16856.000000 15
-17944.000000 4
-17940.000000 6
-16880.000000 18
-17864.000000 20
-17980.000000 4
-17892.000000 5
-16956.000000 41
-16788.000000 5
-16868.000000 13
-16832.000000 10
-17904.000000 9
-17876.000000 8
-17880.000000 17
-17828.000000 30
-16740.000000 3
-17908.000000 11
-16836.000000 11
-16864.000000 5
-16760.000000 1
-16780.000000 3
-17916.000000 8
-17836.000000 25
-16764.000000 3
-16704.000000 1
-16680.000000 2
-17948.000000 3
-16700.000000 3
-16604.000000 1
-16744.000000 3
-16844.000000 13
-17920.000000 6
-18032.000000 1
-16884.000000 13
-16840.000000 11
-17968.000000 1
-17964.000000 3
-16712.000000 2
-16796.000000 2
-16828.000000 5
-16728.000000 2
-16692.000000 1
-16776.000000 2
-17952.000000 4
-16720.000000 1
-16752.000000 2
-16756.000000 1
-16804.000000 6
-17936.000000 3
-17988.000000 1
-18044.000000 1
-17960.000000 2
-16784.000000 1
-17972.000000 1
-18004.000000 3
-17984.000000 2
-16812.000000 3
-16724.000000 1
-17956.000000 1
-16688.000000 2
-17932.000000 1
-16632.000000 1
-16748.000000 2
-18008.000000 2
-16588.000000 1
-16768.000000 2
-18036.000000 1
-16660.000000 1
-16772.000000 1
-16612.000000 1
0.000000 1012157866
