-15664.000000 544
-15956.000000 574
-15896.000000 601
-15864.000000 639
-15964.000000 505
-15952.000000 593
-15840.000000 597
-15776.000000 630
-15908.000000 600
-15784.000000 636
-15716.000000 584
-15656.000000 498
-15724.000000 600
-15900.000000 612
-15800.000000 666
-15848.000000 636
-15764.000000 659
-15728.000000 583
-15740.000000 585
-15812.000000 714
-15732.000000 615
-15512.000000 310
-15568.000000 376
-15556.000000 360
-15720.000000 569
-15816.000000 636
-15796.000000 605
-15688.000000 590
-15828.000000 651
-15736.000000 646
-16100.000000 303
-16168.000000 235
-16132.000000 267
-16092.000000 331
-15968.000000 506
-16032.000000 409
-16176.000000 188
-16160.000000 219
-16080.000000 354
-16116.000000 311
-16220.000000 154
-16212.000000 155
-16276.000000 93
-16320.000000 75
-16188.000000 209
-16072.000000 392
-16124.000000 266
-16024.000000 446
-16136.000000 278
-16232.000000 137
-15988.000000 519
-15884.000000 668
-15852.000000 641
-16096.000000 340
-15836.000000 649
-15856.000000 616
-15708.000000 581
-16040.000000 435
-15868.000000 656
-15948.000000 535
-16060.000000 384
-15924.000000 610
-15972.000000 554
-16052.000000 368
-15916.000000 564
-15928.000000 615
-16012.000000 452
-15876.000000 650
-16064.000000 409
-15752.000000 663
-15640.000000 520
-15792.000000 681
-15680.000000 560
-15760.000000 620
-15628.000000 473
-15712.000000 578
-15592.000000 403
-15788.000000 654
-15880.000000 600
-15644.000000 530
-15920.000000 543
-15768.000000 624
-15692.000000 593
-16068.000000 366
-16364.000000 49
-16208.000000 180
-16184.000000 182
-16164.000000 217
-16252.000000 106
-16292.000000 93
-15860.000000 683
-15904.000000 596
-16112.000000 277
-15804.000000 649
-16028.000000 411
-15748.000000 589
-15572.000000 395
-15460.000000 240
-15364.000000 134
-15404.000000 143
-15336.000000 72
-15756.000000 596
-15744.000000 617
-15536.000000 341
-15652.000000 473
-15684.000000 543
-15544.000000 310
-15564.000000 403
-15820.000000 668
-15660.000000 504
-15508.000000 288
-15584.000000 373
-15560.000000 354
-15464.000000 216
-15468.000000 229
-15496.000000 272
-15620.000000 484
-15596.000000 391
-15780.000000 630
-15408.000000 181
-15416.000000 175
-15456.000000 210
-15528.000000 328
-15616.000000 394
-15888.000000 643
-16120.000000 299
-15984.000000 475
-16048.000000 377
-16408.000000 26
-15992.000000 462
-15672.000000 531
-15548.000000 329
-15504.000000 268
-15704.000000 562
-15668.000000 533
-15772.000000 669
-15352.000000 128
-15308.000000 72
-15280.000000 76
-15380.000000 129
-15524.000000 301
-15300.000000 90
-15516.000000 342
-15520.000000 298
-15960.000000 565
-16172.000000 222
-16192.000000 198
-16016.000000 465
-16260.000000 92
-16196.000000 189
-15976.000000 553
-15912.000000 622
-15480.000000 271
-15580.000000 373
-16088.000000 336
-16000.000000 440
-15980.000000 513
-16036.000000 432
-15872.000000 593
-16008.000000 440
-15936.000000 572
-16076.000000 399
-15944.000000 550
-16020.000000 480
-15576.000000 429
-15488.000000 240
-15676.000000 570
-16248.000000 120
-16148.000000 249
-16224.000000 132
-16324.000000 59
-16312.000000 58
-16204.000000 163
-16304.000000 68
-16228.000000 140
-16336.000000 52
-16380.000000 39
-16180.000000 213
-16144.000000 263
-16284.000000 102
-16216.000000 150
-16300.000000 87
-16368.000000 32
-16448.000000 25
-16492.000000 13
-16496.000000 7
-16244.000000 145
-16108.000000 298
-16280.000000 105
-16140.000000 234
-16004.000000 476
-15484.000000 233
-15608.000000 447
-15532.000000 312
-15448.000000 203
-15444.000000 191
-15500.000000 280
-15476.000000 239
-15600.000000 445
-15432.000000 163
-15340.000000 87
-15268.000000 70
-15312.000000 82
-15588.000000 394
-15632.000000 508
-15824.000000 611
-16576.000000 7
-16520.000000 7
-15808.000000 621
-15832.000000 676
-15932.000000 536
-15844.000000 631
-15368.000000 134
-15648.000000 469
-15396.000000 139
-15700.000000 617
-15624.000000 478
-15996.000000 493
-16400.000000 23
-16460.000000 18
-16328.000000 64
-16348.000000 58
-16296.000000 79
-16240.000000 126
-16056.000000 396
-15696.000000 561
-16268.000000 102
-15612.000000 447
-15552.000000 335
-15436.000000 188
-15940.000000 601
-16356.000000 41
-15472.000000 204
-15604.000000 423
-16440.000000 18
-16392.000000 32
-16476.000000 18
-16332.000000 50
-16308.000000 69
-16152.000000 222
-16508.000000 10
-16288.000000 81
-15112.000000 16
-15440.000000 193
-15292.000000 74
-15388.000000 145
-16044.000000 399
-16256.000000 101
-15892.000000 597
-15540.000000 343
-15636.000000 466
-16104.000000 305
-16084.000000 364
-16264.000000 85
-16456.000000 17
-16388.000000 34
-16352.000000 45
-16156.000000 201
-15284.000000 63
-15376.000000 128
-15344.000000 103
-15428.000000 164
-15420.000000 186
-15204.000000 30
-15288.000000 54
-15304.000000 79
-15276.000000 51
-15324.000000 65
-15492.000000 277
-15212.000000 29
-15400.000000 169
-15424.000000 173
-15372.000000 123
-15392.000000 141
-15184.000000 24
-15384.000000 134
-15200.000000 29
-15120.000000 17
-15412.000000 165
-16272.000000 113
-16360.000000 36
-16384.000000 41
-16432.000000 23
-16128.000000 281
-16340.000000 59
-16316.000000 70
-16200.000000 144
-16436.000000 22
-16236.000000 145
-16372.000000 38
-16424.000000 23
-15452.000000 204
-15244.000000 50
-15332.000000 105
-16472.000000 19
-16452.000000 26
-16344.000000 42
-15240.000000 36
-16396.000000 45
-16412.000000 28
-15188.000000 28
-15316.000000 83
-15320.000000 83
-16416.000000 22
-15356.000000 99
-15348.000000 103
-15328.000000 94
-16512.000000 10
-16464.000000 11
-16420.000000 23
-16404.000000 30
-16484.000000 15
-16536.000000 8
-16540.000000 2
-15156.000000 19
-15228.000000 35
-15020.000000 8
-15220.000000 32
-15248.000000 62
-15264.000000 64
-16428.000000 22
-16716.000000 1
-15260.000000 54
-15152.000000 19
-15360.000000 116
-15092.000000 13
-15136.000000 17
-15028.000000 12
-15060.000000 8
-14988.000000 1
-14956.000000 5
-15144.000000 28
-15004.000000 3
-16468.000000 12
-15236.000000 52
-15252.000000 45
-15296.000000 81
-15224.000000 41
-15084.000000 14
-15096.000000 8
-14984.000000 6
-15140.000000 20
-15068.000000 10
-15272.000000 60
-15216.000000 35
-15160.000000 24
-15256.000000 50
-15176.000000 22
-15108.000000 14
-15172.000000 22
-14916.000000 4
-14948.000000 5
-15196.000000 24
-15208.000000 26
-16444.000000 16
-16480.000000 14
-15192.000000 35
-15164.000000 21
-15168.000000 25
-15076.000000 10
-15012.000000 7
-15036.000000 9
-14912.000000 1
-14860.000000 2
-15052.000000 9
-15072.000000 7
-15148.000000 28
-16488.000000 8
-16376.000000 26
-15128.000000 15
-16524.000000 7
-15116.000000 15
-15180.000000 26
-15104.000000 19
-14872.000000 3
-14812.000000 1
-15024.000000 8
-15232.000000 37
-16684.000000 2
-16548.000000 1
-16564.000000 6
-15088.000000 18
-16544.000000 5
-15100.000000 10
-16584.000000 5
-14884.000000 2
-15124.000000 16
-16500.000000 7
-16596.000000 4
-16608.000000 2
-16568.000000 6
-16704.000000 2
-15132.000000 19
-16628.000000 1
-16516.000000 7
-14980.000000 3
-14996.000000 3
-15040.000000 8
-14992.000000 4
-14940.000000 2
-16588.000000 1
-15016.000000 10
-16556.000000 7
-16560.000000 3
-16572.000000 4
-16644.000000 2
-16504.000000 10
-14968.000000 3
-14972.000000 1
-15080.000000 6
-14720.000000 1
-14732.000000 1
-14832.000000 1
-15008.000000 8
-14816.000000 1
-14856.000000 1
-15064.000000 8
-14924.000000 2
-14932.000000 2
-15048.000000 4
-16624.000000 5
-15056.000000 6
-14848.000000 2
-14952.000000 2
-14908.000000 4
-14844.000000 2
-14688.000000 1
-14748.000000 1
-14760.000000 2
-15044.000000 6
-14776.000000 3
-14928.000000 3
-16552.000000 2
-15032.000000 3
-14888.000000 1
-16532.000000 7
-14976.000000 1
-14616.000000 1
-14840.000000 1
-14960.000000 3
-14964.000000 2
-14920.000000 2
-15000.000000 1
-16612.000000 1
-14944.000000 1
-16528.000000 6
-16692.000000 1
-16632.000000 3
-16600.000000 1
-16668.000000 1
-16580.000000 3
-16640.000000 1
-14880.000000 1
-16648.000000 1
-16592.000000 1
-14868.000000 1
-14936.000000 1
0.000000 1748622222
