-16760.000000 671
-16952.000000 733
-16948.000000 764
-17004.000000 606
-17044.000000 552
-17108.000000 353
-17024.000000 597
-16976.000000 675
-17252.000000 108
-17124.000000 317
-17068.000000 444
-16920.000000 730
-16800.000000 719
-16696.000000 561
-16892.000000 753
-17080.000000 397
-17128.000000 294
-17040.000000 534
-17112.000000 334
-16888.000000 810
-16848.000000 800
-16784.000000 734
-16828.000000 792
-16732.000000 591
-16632.000000 443
-16664.000000 485
-16688.000000 528
-16772.000000 702
-16816.000000 798
-16776.000000 713
-16572.000000 282
-16796.000000 796
-16788.000000 782
-16656.000000 438
-16804.000000 804
-17000.000000 578
-16904.000000 773
-16984.000000 657
-16996.000000 664
-17032.000000 522
-17064.000000 467
-17096.000000 397
-16912.000000 746
-17076.000000 425
-17216.000000 134
-17184.000000 204
-17268.000000 96
-17048.000000 504
-17100.000000 381
-17356.000000 23
-17320.000000 37
-17120.000000 316
-17364.000000 24
-16932.000000 710
-16916.000000 777
-16872.000000 775
-16768.000000 709
-16968.000000 703
-16824.000000 763
-16884.000000 760
-16728.000000 627
-16812.000000 755
-16960.000000 699
-16836.000000 786
-16720.000000 668
-16832.000000 784
-16700.000000 565
-16756.000000 698
-16712.000000 563
-16748.000000 643
-16660.000000 443
-16652.000000 438
-16740.000000 642
-16820.000000 754
-16560.000000 238
-16492.000000 140
-16616.000000 351
-16428.000000 76
-16356.000000 32
-16956.000000 699
-16644.000000 425
-16744.000000 644
-16500.000000 157
-16544.000000 244
-16420.000000 79
-16408.000000 53
-16620.000000 368
-16576.000000 281
-16764.000000 713
-16640.000000 424
-16424.000000 93
-16488.000000 152
-16600.000000 313
-16416.000000 85
-16448.000000 100
-16864.000000 820
-16668.000000 490
-16636.000000 425
-16584.000000 292
-16680.000000 488
-16924.000000 783
-16844.000000 768
-16876.000000 753
-16900.000000 760
-16928.000000 754
-16992.000000 676
-16964.000000 695
-16676.000000 505
-17152.000000 259
-17168.000000 209
-17172.000000 216
-17232.000000 116
-17264.000000 96
-17316.000000 45
-16880.000000 770
-16936.000000 716
-16980.000000 690
-16972.000000 714
-17012.000000 615
-17140.000000 307
-17340.000000 31
-17148.000000 289
-17212.000000 145
-17368.000000 27
-17020.000000 600
-17084.000000 419
-17036.000000 547
-17196.000000 174
-16988.000000 638
-17136.000000 305
-17176.000000 203
-17132.000000 279
-17060.000000 497
-17384.000000 19
-17156.000000 261
-17204.000000 175
-17028.000000 551
-17412.000000 9
-17200.000000 185
-17208.000000 137
-17164.000000 229
-16856.000000 786
-16752.000000 719
-16940.000000 762
-17220.000000 140
-17276.000000 79
-17272.000000 83
-16860.000000 774
-16808.000000 794
-16468.000000 109
-16496.000000 159
-16396.000000 63
-16548.000000 237
-16792.000000 736
-16780.000000 683
-16852.000000 820
-16840.000000 851
-16716.000000 547
-17228.000000 123
-17072.000000 439
-17052.000000 534
-16704.000000 542
-16604.000000 336
-16896.000000 734
-16724.000000 622
-17056.000000 491
-16944.000000 750
-16624.000000 362
-16736.000000 638
-17308.000000 57
-17336.000000 37
-17376.000000 23
-17292.000000 55
-17144.000000 257
-17192.000000 179
-17236.000000 107
-17240.000000 112
-17280.000000 76
-16692.000000 574
-16648.000000 476
-17092.000000 387
-17284.000000 70
-16400.000000 59
-16312.000000 19
-16384.000000 46
-16596.000000 303
-17344.000000 35
-17392.000000 18
-17008.000000 651
-16908.000000 738
-17160.000000 245
-17224.000000 125
-17016.000000 548
-16868.000000 795
-16684.000000 591
-17408.000000 21
-17116.000000 356
-16552.000000 241
-16524.000000 195
-16540.000000 222
-16588.000000 332
-16528.000000 197
-16392.000000 50
-16380.000000 38
-16592.000000 338
-17088.000000 432
-17360.000000 19
-17300.000000 49
-16672.000000 499
-17508.000000 3
-17436.000000 9
-16504.000000 149
-16564.000000 207
-16444.000000 112
-16316.000000 23
-17244.000000 96
-16368.000000 40
-16520.000000 188
-16568.000000 247
-16440.000000 79
-16472.000000 117
-16456.000000 89
-16480.000000 128
-16348.000000 29
-16308.000000 19
-16272.000000 14
-17188.000000 167
-17104.000000 316
-17260.000000 87
-16612.000000 322
-16240.000000 7
-16628.000000 348
-16436.000000 84
-17180.000000 197
-17296.000000 52
-16508.000000 162
-16556.000000 264
-16608.000000 360
-16708.000000 606
-16476.000000 99
-16516.000000 169
-16532.000000 241
-16460.000000 85
-16340.000000 21
-16284.000000 17
-16536.000000 203
-16580.000000 267
-16412.000000 71
-16376.000000 37
-16304.000000 19
-16172.000000 4
-16364.000000 32
-16268.000000 7
-16336.000000 30
-16320.000000 19
-16452.000000 104
-17324.000000 40
-17256.000000 101
-17544.000000 3
-17416.000000 10
-16512.000000 184
-16372.000000 47
-16484.000000 132
-17248.000000 104
-16300.000000 23
-16208.000000 3
-16288.000000 8
-16292.000000 13
-16388.000000 59
-16360.000000 35
-16244.000000 9
-17388.000000 18
-17488.000000 2
-16432.000000 83
-16404.000000 56
-16352.000000 55
-16328.000000 28
-17516.000000 3
-17396.000000 8
-17404.000000 13
-17304.000000 53
-17352.000000 31
-17288.000000 78
-17312.000000 49
-16276.000000 12
-16464.000000 94
-16332.000000 27
-17328.000000 44
-16324.000000 21
-16344.000000 31
-16280.000000 7
-17380.000000 20
-17432.000000 7
-17372.000000 13
-17348.000000 24
-16264.000000 13
-17500.000000 7
-17560.000000 1
-16188.000000 3
-17448.000000 9
-16296.000000 15
-16260.000000 11
-16204.000000 3
-17332.000000 34
-16184.000000 6
-16024.000000 1
-16136.000000 4
-16124.000000 1
-16236.000000 5
-16252.000000 7
-16256.000000 8
-16232.000000 8
-16248.000000 10
-17444.000000 10
-16156.000000 1
-17420.000000 9
-17468.000000 6
-16216.000000 6
-17464.000000 6
-17424.000000 14
-17476.000000 4
-17596.000000 1
-17512.000000 1
-17440.000000 5
-17400.000000 9
-16212.000000 4
-16200.000000 3
-16112.000000 4
-17460.000000 5
-16196.000000 5
-17532.000000 2
-16160.000000 1
-16180.000000 2
-16164.000000 2
-16100.000000 2
-16224.000000 3
-17456.000000 3
-16176.000000 2
-16152.000000 2
-17472.000000 4
-16080.000000 2
-17428.000000 8
-17496.000000 2
-17492.000000 4
-16220.000000 5
-16132.000000 1
-16096.000000 1
-16228.000000 5
-16088.000000 1
-16144.000000 1
-16168.000000 2
-16044.000000 1
-17504.000000 2
-17556.000000 1
-16140.000000 2
-16084.000000 1
-17552.000000 1
-17628.000000 1
-17584.000000 1
-17480.000000 1
-17452.000000 3
-17484.000000 3
-16032.000000 1
-17528.000000 1
-16192.000000 1
-17548.000000 2
-17520.000000 1
-17564.000000 1
-16120.000000 1
-16060.000000 1
-17540.000000 1
-17524.000000 1
-16148.000000 1
0.000000 1748622222
