-1.507500 0.013692
-1.547500 0.012564
-1.512500 0.014810
-1.487500 0.012605
-1.442500 0.008041
-1.460000 0.009805
-1.495000 0.013415
-1.557500 0.011703
-1.642500 0.002215
-1.627500 0.003621
-1.660000 0.001333
-1.615000 0.004903
-1.640000 0.002328
-1.662500 0.001056
-1.630000 0.003179
-1.652500 0.001600
-1.667500 0.000985
-1.647500 0.001836
-1.590000 0.007703
-1.617500 0.004472
-1.555000 0.012092
-1.575000 0.009959
-1.605000 0.005774
-1.550000 0.013015
-1.520000 0.014646
-1.610000 0.005692
-1.592500 0.007169
-1.695000 0.000246
-1.657500 0.001179
-1.502500 0.013877
-1.552500 0.012544
-1.492500 0.013190
-1.480000 0.012082
-1.570000 0.011354
-1.597500 0.007015
-1.577500 0.010000
-1.602500 0.006277
-1.587500 0.008390
-1.595000 0.007251
-1.542500 0.013415
-1.572500 0.010656
-1.532500 0.013672
-1.527500 0.014164
-1.497500 0.013662
-1.485000 0.012615
-1.582500 0.009077
-1.620000 0.004062
-1.562500 0.011703
-1.645000 0.001846
-1.622500 0.004041
-1.632500 0.003087
-1.680000 0.000451
-1.637500 0.002615
-1.655000 0.001333
-1.612500 0.005272
-1.530000 0.014800
-1.560000 0.011836
-1.515000 0.014574
-1.535000 0.014615
-1.540000 0.013805
-1.517500 0.013908
-1.537500 0.013887
-1.422500 0.005774
-1.407500 0.004903
-1.505000 0.013877
-1.580000 0.009487
-1.567500 0.011303
-1.475000 0.011415
-1.500000 0.013036
-1.397500 0.003579
-1.380000 0.002821
-1.425000 0.006369
-1.372500 0.002554
-1.412500 0.004903
-1.490000 0.013128
-1.467500 0.011231
-1.472500 0.011364
-1.450000 0.008821
-1.455000 0.009703
-1.432500 0.007138
-1.465000 0.010195
-1.410000 0.004933
-1.525000 0.014933
-1.457500 0.009210
-1.510000 0.014031
-1.477500 0.012185
-1.462500 0.009908
-1.447500 0.008687
-1.377500 0.002759
-1.392500 0.003815
-1.387500 0.003456
-1.375000 0.002482
-1.335000 0.000985
-1.405000 0.004308
-1.390000 0.003323
-1.600000 0.006544
-1.607500 0.005477
-1.635000 0.002390
-1.565000 0.010831
-1.545000 0.013538
-1.672500 0.000595
-1.585000 0.008574
-1.435000 0.007087
-1.437500 0.007241
-1.415000 0.005395
-1.402500 0.004605
-1.427500 0.006831
-1.470000 0.011313
-1.420000 0.005487
-1.395000 0.004062
-1.482500 0.012369
-1.452500 0.009344
-1.440000 0.007723
-1.430000 0.006636
-1.370000 0.002472
-1.445000 0.008205
-1.400000 0.004379
-1.362500 0.002092
-1.417500 0.005323
-1.522500 0.014523
-1.365000 0.002113
-1.367500 0.002010
-1.342500 0.001210
-1.350000 0.001569
-1.295000 0.000287
-1.315000 0.000656
-1.347500 0.001487
-1.340000 0.001272
-1.290000 0.000338
-1.385000 0.002841
-1.357500 0.001826
-1.320000 0.000718
-1.322500 0.000728
-1.352500 0.001508
-1.310000 0.000615
-1.355000 0.001754
-1.325000 0.000810
-1.665000 0.000759
-1.705000 0.000113
-1.690000 0.000308
-1.382500 0.002769
-1.327500 0.000790
-1.312500 0.000503
-1.345000 0.001221
-1.297500 0.000369
-1.360000 0.001651
-1.692500 0.000236
-1.625000 0.003631
-1.685000 0.000297
-1.700000 0.000092
-1.670000 0.000749
-1.675000 0.000564
-1.317500 0.000605
-1.332500 0.001067
-1.330000 0.000749
-1.307500 0.000574
-1.255000 0.000062
-1.257500 0.000103
-1.292500 0.000287
-1.287500 0.000236
-1.300000 0.000338
-1.305000 0.000421
-1.277500 0.000123
-1.260000 0.000174
-1.262500 0.000123
-1.302500 0.000523
-1.337500 0.001026
-1.702500 0.000082
-1.677500 0.000400
-1.272500 0.000267
-1.275000 0.000154
-1.650000 0.001344
-1.682500 0.000359
-1.687500 0.000359
-1.732500 0.000021
-1.752500 0.000031
-1.757500 0.000010
-1.717500 0.000072
-1.710000 0.000062
-1.715000 0.000051
-1.730000 0.000031
-1.267500 0.000185
-1.252500 0.000062
-1.725000 0.000041
-1.727500 0.000031
-1.707500 0.000103
-1.240000 0.000072
-1.245000 0.000072
-1.265000 0.000123
-1.280000 0.000144
-1.282500 0.000246
-1.270000 0.000103
-1.247500 0.000051
-1.217500 0.000031
-1.285000 0.000215
-1.712500 0.000103
-1.225000 0.000031
-1.207500 0.000010
-1.230000 0.000021
-1.735000 0.000031
-1.720000 0.000062
-1.697500 0.000123
-1.250000 0.000072
-1.162500 0.000010
-1.227500 0.000031
-1.755000 0.000010
-1.150000 0.000010
-1.242500 0.000031
-1.232500 0.000041
-1.222500 0.000010
-1.237500 0.000041
-1.235000 0.000010
-1.195000 0.000021
-1.210000 0.000010
-1.745000 0.000010
-1.722500 0.000010
-1.747500 0.000010
-1.742500 0.000010
0.000000 11331.593641
