-15968.000000 666
-16284.000000 285
-16232.000000 429
-16276.000000 355
-16360.000000 192
-16288.000000 314
-16180.000000 524
-16212.000000 464
-16440.000000 100
-16356.000000 200
-16384.000000 143
-16172.000000 515
-16076.000000 688
-15924.000000 629
-16020.000000 652
-16100.000000 585
-16032.000000 651
-16044.000000 620
-16084.000000 598
-15948.000000 627
-15976.000000 669
-15964.000000 651
-15864.000000 574
-15692.000000 289
-15724.000000 333
-15668.000000 242
-15808.000000 507
-15792.000000 423
-15816.000000 488
-15700.000000 293
-15944.000000 610
-15960.000000 693
-15928.000000 657
-16196.000000 484
-16412.000000 122
-16080.000000 629
-16112.000000 530
-16260.000000 347
-16224.000000 426
-16092.000000 621
-16068.000000 630
-16164.000000 552
-16252.000000 348
-16332.000000 224
-16184.000000 465
-16304.000000 257
-16104.000000 579
-16144.000000 536
-16236.000000 416
-16168.000000 508
-16256.000000 377
-15988.000000 673
-15776.000000 447
-15872.000000 618
-15984.000000 660
-16280.000000 323
-16052.000000 649
-15844.000000 544
-15932.000000 649
-15696.000000 295
-15740.000000 358
-15868.000000 571
-15936.000000 649
-16040.000000 628
-15836.000000 518
-15764.000000 395
-15860.000000 582
-16060.000000 635
-16064.000000 614
-15856.000000 558
-15688.000000 292
-15620.000000 184
-15824.000000 553
-15780.000000 444
-15848.000000 541
-15712.000000 297
-15676.000000 256
-15684.000000 299
-15972.000000 680
-16012.000000 681
-15992.000000 701
-15940.000000 617
-15772.000000 405
-15852.000000 557
-15952.000000 671
-16016.000000 678
-15840.000000 539
-15728.000000 345
-16136.000000 572
-16392.000000 158
-16308.000000 263
-16228.000000 407
-16220.000000 404
-15916.000000 574
-16248.000000 375
-16200.000000 466
-16176.000000 516
-15908.000000 627
-15744.000000 393
-15656.000000 221
-15716.000000 327
-15616.000000 189
-16120.000000 590
-15820.000000 500
-15884.000000 593
-16036.000000 675
-15796.000000 436
-15612.000000 173
-15604.000000 156
-15576.000000 144
-15596.000000 165
-15600.000000 170
-15804.000000 497
-15900.000000 617
-15736.000000 371
-15880.000000 598
-15624.000000 182
-15784.000000 433
-15704.000000 285
-15608.000000 179
-15428.000000 41
-15504.000000 85
-15548.000000 108
-15920.000000 626
-16008.000000 650
-16028.000000 691
-15540.000000 107
-15628.000000 206
-15544.000000 100
-15748.000000 373
-15756.000000 380
-15876.000000 609
-16072.000000 625
-16048.000000 663
-16124.000000 582
-16188.000000 456
-16088.000000 616
-16204.000000 445
-15980.000000 658
-15832.000000 544
-16316.000000 277
-16272.000000 341
-16132.000000 546
-16296.000000 286
-16480.000000 57
-16108.000000 600
-15904.000000 587
-16140.000000 527
-16404.000000 147
-16324.000000 264
-16264.000000 387
-16208.000000 427
-16192.000000 463
-15708.000000 310
-16056.000000 601
-15652.000000 241
-15892.000000 569
-16156.000000 479
-16504.000000 48
-16364.000000 182
-16240.000000 361
-16320.000000 243
-16336.000000 231
-16432.000000 87
-16244.000000 408
-16352.000000 216
-15828.000000 496
-16444.000000 111
-16428.000000 112
-16340.000000 216
-16116.000000 594
-15720.000000 342
-15556.000000 125
-16004.000000 677
-16024.000000 650
-15640.000000 201
-15912.000000 612
-15560.000000 130
-16216.000000 432
-16508.000000 63
-16400.000000 147
-16420.000000 122
-16496.000000 72
-16532.000000 53
-16524.000000 67
-16628.000000 12
-16396.000000 156
-16452.000000 93
-16344.000000 210
-16380.000000 169
-16000.000000 614
-16516.000000 59
-16544.000000 45
-16560.000000 29
-16152.000000 563
-16292.000000 278
-16268.000000 356
-16328.000000 254
-16448.000000 104
-16372.000000 159
-15956.000000 659
-15532.000000 104
-15636.000000 206
-15760.000000 409
-16160.000000 520
-15752.000000 396
-15660.000000 223
-15592.000000 163
-15732.000000 328
-16096.000000 643
-16408.000000 133
-16784.000000 2
-16688.000000 7
-16488.000000 60
-16528.000000 49
-16300.000000 259
-16348.000000 210
-15996.000000 654
-16128.000000 609
-16464.000000 97
-15448.000000 34
-15800.000000 433
-15788.000000 430
-15888.000000 562
-15480.000000 64
-15536.000000 119
-15768.000000 426
-15564.000000 111
-15672.000000 275
-15896.000000 644
-15584.000000 140
-16312.000000 273
-15812.000000 475
-15632.000000 196
-15520.000000 96
-15552.000000 108
-15524.000000 83
-15464.000000 50
-15424.000000 47
-15508.000000 81
-15468.000000 40
-15512.000000 71
-16416.000000 112
-15664.000000 231
-16148.000000 536
-16376.000000 155
-16424.000000 120
-16500.000000 56
-16556.000000 31
-16484.000000 72
-16512.000000 57
-15472.000000 56
-15648.000000 212
-15384.000000 24
-15680.000000 279
-15416.000000 42
-15644.000000 220
-16460.000000 92
-16456.000000 75
-16712.000000 5
-16608.000000 15
-15580.000000 131
-15452.000000 52
-15572.000000 142
-15496.000000 86
-16368.000000 191
-15380.000000 22
-15568.000000 122
-15492.000000 76
-15528.000000 84
-16388.000000 176
-16472.000000 81
-16564.000000 39
-16624.000000 13
-16536.000000 41
-16520.000000 53
-16552.000000 41
-16540.000000 49
-16492.000000 80
-15588.000000 139
-15484.000000 71
-16576.000000 20
-16436.000000 112
-16476.000000 68
-16644.000000 10
-15348.000000 13
-16596.000000 19
-16656.000000 11
-16616.000000 15
-16620.000000 15
-16736.000000 6
-16592.000000 22
-16584.000000 22
-16588.000000 20
-16580.000000 31
-16684.000000 5
-16468.000000 70
-15456.000000 58
-15488.000000 68
-15500.000000 72
-15432.000000 43
-15444.000000 37
-15516.000000 86
-16732.000000 2
-16676.000000 12
-16572.000000 35
-16756.000000 4
-16632.000000 16
-16568.000000 35
-15420.000000 37
-15268.000000 10
-15436.000000 39
-16548.000000 33
-15460.000000 48
-15196.000000 9
-15300.000000 8
-15260.000000 9
-15316.000000 12
-15128.000000 3
-15320.000000 10
-15440.000000 43
-15332.000000 20
-15412.000000 39
-15388.000000 27
-15336.000000 14
-15172.000000 3
-15328.000000 10
-15296.000000 5
-15408.000000 29
-15376.000000 24
-15476.000000 58
-15352.000000 21
-15304.000000 8
-16648.000000 15
-15360.000000 14
-15404.000000 25
-15368.000000 23
-15340.000000 18
-15228.000000 5
-15344.000000 17
-15392.000000 13
-16664.000000 13
-16668.000000 9
-15400.000000 27
-15364.000000 20
-16716.000000 5
-15280.000000 12
-15252.000000 4
-16700.000000 7
-15356.000000 27
-15224.000000 5
-16636.000000 6
-16612.000000 20
-16604.000000 24
-16652.000000 7
-16748.000000 2
-15324.000000 11
-15220.000000 5
-15124.000000 1
-15396.000000 27
-16660.000000 16
-15372.000000 23
-15256.000000 3
-15292.000000 8
-16772.000000 2
-16880.000000 1
-16640.000000 12
-16600.000000 17
-16724.000000 4
-16672.000000 5
-15308.000000 9
-16908.000000 1
-16740.000000 7
-16696.000000 4
-16744.000000 6
-15288.000000 4
-15160.000000 3
-15112.000000 1
-15060.000000 1
-15132.000000 2
-15232.000000 5
-15184.000000 3
-15140.000000 1
-15248.000000 3
-15148.000000 2
-15264.000000 4
-15312.000000 11
-16680.000000 5
-16816.000000 1
-15236.000000 3
-16776.000000 1
-15244.000000 5
-15240.000000 4
-16832.000000 1
-16692.000000 4
-16704.000000 4
-16708.000000 5
-15272.000000 3
-15088.000000 1
-15276.000000 8
-16868.000000 1
-15216.000000 2
-16720.000000 5
-15208.000000 4
-15212.000000 4
-15164.000000 4
-15004.000000 1
-15176.000000 2
-15152.000000 1
-16728.000000 5
-15188.000000 1
-15012.000000 1
-15100.000000 1
-15156.000000 1
-15204.000000 2
-16792.000000 2
-15144.000000 2
-16876.000000 1
-16752.000000 3
-15284.000000 5
-15200.000000 2
-16824.000000 2
-15116.000000 2
-15192.000000 2
-16828.000000 1
-16820.000000 1
-16768.000000 2
-15180.000000 1
-16944.000000 1
-16796.000000 1
-15168.000000 1
-15108.000000 1
-15068.000000 1
-15104.000000 1
-15084.000000 1
-16804.000000 1
-16780.000000 1
0.000000 1012157866
