-1.470000 0.012431
-1.502500 0.013487
-1.450000 0.010287
-1.425000 0.008297
-1.397500 0.005703
-1.415000 0.006944
-1.440000 0.009303
-1.495000 0.014205
-1.565000 0.010010
-1.537500 0.012287
-1.615000 0.003354
-1.640000 0.001251
-1.662500 0.000585
-1.612500 0.003436
-1.670000 0.000359
-1.650000 0.001179
-1.637500 0.001938
-1.630000 0.002267
-1.575000 0.008318
-1.605000 0.004369
-1.555000 0.010226
-1.610000 0.003908
-1.550000 0.010646
-1.510000 0.013179
-1.517500 0.013795
-1.602500 0.004892
-1.585000 0.006092
-1.600000 0.004933
-1.695000 0.000092
-1.660000 0.000718
-1.657500 0.000790
-1.587500 0.006400
-1.487500 0.013774
-1.560000 0.009169
-1.577500 0.007723
-1.597500 0.005169
-1.625000 0.002482
-1.617500 0.003036
-1.607500 0.003959
-1.535000 0.012410
-1.540000 0.012369
-1.522500 0.013067
-1.520000 0.013436
-1.475000 0.012882
-1.545000 0.011231
-1.572500 0.007569
-1.570000 0.008533
-1.567500 0.008872
-1.525000 0.013292
-1.542500 0.011508
-1.562500 0.008862
-1.557500 0.009990
-1.595000 0.005631
-1.647500 0.001282
-1.580000 0.007508
-1.547500 0.010656
-1.512500 0.013200
-1.515000 0.013272
-1.620000 0.002821
-1.532500 0.012472
-1.505000 0.014492
-1.507500 0.013456
-1.530000 0.012626
-1.427500 0.008236
-1.412500 0.006646
-1.552500 0.010708
-1.490000 0.013764
-1.467500 0.011815
-1.465000 0.012226
-1.497500 0.013785
-1.400000 0.005600
-1.382500 0.004031
-1.417500 0.007426
-1.360000 0.002728
-1.432500 0.008923
-1.402500 0.005846
-1.405000 0.006328
-1.462500 0.011313
-1.455000 0.011672
-1.460000 0.011785
-1.410000 0.006708
-1.435000 0.009487
-1.500000 0.013559
-1.477500 0.012821
-1.485000 0.013621
-1.452500 0.010349
-1.422500 0.007815
-1.395000 0.005292
-1.667500 0.000441
-1.645000 0.001313
-1.592500 0.005569
-1.622500 0.002882
-1.480000 0.013036
-1.680000 0.000246
-1.582500 0.006882
-1.527500 0.013026
-1.682500 0.000205
-1.447500 0.010421
-1.445000 0.009744
-1.442500 0.010062
-1.482500 0.013262
-1.492500 0.013795
-1.430000 0.009005
-1.472500 0.012287
-1.627500 0.002287
-1.635000 0.001549
-1.590000 0.005764
-1.437500 0.008841
-1.632500 0.001754
-1.457500 0.011815
-1.352500 0.002513
-1.317500 0.001067
-1.342500 0.001918
-1.357500 0.002779
-1.390000 0.005005
-1.362500 0.002708
-1.340000 0.001621
-1.347500 0.002338
-1.350000 0.002267
-1.325000 0.001385
-1.385000 0.004841
-1.377500 0.003815
-1.392500 0.004892
-1.355000 0.002615
-1.332500 0.001467
-1.387500 0.004933
-1.380000 0.004400
-1.420000 0.007477
-1.407500 0.005867
-1.370000 0.003487
-1.655000 0.000759
-1.642500 0.001169
-1.652500 0.000862
-1.372500 0.003497
-1.305000 0.000738
-1.307500 0.000964
-1.330000 0.001364
-1.335000 0.001610
-1.315000 0.001005
-1.322500 0.001190
-1.365000 0.003077
-1.367500 0.003128
-1.302500 0.000636
-1.337500 0.001733
-1.345000 0.002103
-1.375000 0.003723
-1.685000 0.000205
-1.675000 0.000277
-1.700000 0.000103
-1.690000 0.000174
-1.270000 0.000256
-1.310000 0.001026
-1.312500 0.001036
-1.327500 0.001323
-1.320000 0.001190
-1.282500 0.000462
-1.295000 0.000646
-1.290000 0.000533
-1.287500 0.000482
-1.242500 0.000113
-1.277500 0.000318
-1.285000 0.000349
-1.265000 0.000277
-1.300000 0.000595
-1.260000 0.000226
-1.297500 0.000595
-1.665000 0.000595
-1.710000 0.000082
-1.677500 0.000277
-1.292500 0.000379
-1.697500 0.000133
-1.732500 0.000021
-1.755000 0.000021
-1.717500 0.000051
-1.672500 0.000400
-1.725000 0.000021
-1.707500 0.000082
-1.280000 0.000451
-1.262500 0.000236
-1.267500 0.000185
-1.247500 0.000113
-1.215000 0.000051
-1.217500 0.000031
-1.275000 0.000297
-1.257500 0.000215
-1.272500 0.000297
-1.687500 0.000103
-1.702500 0.000103
-1.712500 0.000062
-1.692500 0.000133
-1.715000 0.000041
-1.705000 0.000113
-1.250000 0.000133
-1.220000 0.000031
-1.255000 0.000154
-1.185000 0.000010
-1.245000 0.000092
-1.227500 0.000072
-1.252500 0.000185
-1.727500 0.000031
-1.190000 0.000010
-1.225000 0.000051
-1.235000 0.000051
-1.237500 0.000051
-1.747500 0.000010
-1.232500 0.000021
-1.182500 0.000010
-1.200000 0.000031
-1.230000 0.000051
-1.240000 0.000082
-1.205000 0.000010
-1.207500 0.000031
-1.222500 0.000051
-1.720000 0.000021
-1.740000 0.000010
-1.172500 0.000010
-1.210000 0.000021
-1.735000 0.000010
-1.742500 0.000010
-1.722500 0.000021
-1.202500 0.000010
0.000000 11331.593641
