-16824.000000 551
-17032.000000 803
-17012.000000 838
-17164.000000 552
-17252.000000 336
-17280.000000 263
-17196.000000 443
-17120.000000 653
-17356.000000 128
-17244.000000 328
-17180.000000 528
-17020.000000 785
-16896.000000 697
-16808.000000 515
-17008.000000 788
-17200.000000 441
-17268.000000 302
-17132.000000 647
-17060.000000 745
-17004.000000 808
-16920.000000 789
-16992.000000 870
-16872.000000 715
-16756.000000 401
-16788.000000 422
-16856.000000 593
-16968.000000 821
-16908.000000 734
-16748.000000 379
-16928.000000 763
-16912.000000 705
-16924.000000 767
-17140.000000 626
-17076.000000 706
-17136.000000 652
-17192.000000 440
-17220.000000 410
-17240.000000 382
-17328.000000 142
-17296.000000 214
-17152.000000 636
-17444.000000 41
-17404.000000 74
-17184.000000 475
-17424.000000 43
-17028.000000 847
-17044.000000 825
-17148.000000 587
-17068.000000 764
-17064.000000 771
-17160.000000 566
-16940.000000 748
-16980.000000 832
-17088.000000 712
-17080.000000 771
-16956.000000 807
-16900.000000 716
-16892.000000 682
-16932.000000 778
-17092.000000 766
-16948.000000 790
-16820.000000 530
-16888.000000 722
-16988.000000 840
-16676.000000 187
-16596.000000 100
-16764.000000 409
-16704.000000 281
-16572.000000 69
-16504.000000 30
-16936.000000 827
-17224.000000 355
-17204.000000 430
-17100.000000 662
-17056.000000 757
-17084.000000 722
-16964.000000 821
-17112.000000 685
-16868.000000 660
-17016.000000 815
-17052.000000 778
-16772.000000 404
-16684.000000 244
-16568.000000 89
-16536.000000 62
-16800.000000 488
-16792.000000 500
-16884.000000 685
-16724.000000 295
-16816.000000 544
-16648.000000 168
-16656.000000 193
-16780.000000 461
-16996.000000 850
-16832.000000 597
-16692.000000 207
-16672.000000 210
-16696.000000 247
-16828.000000 556
-16952.000000 789
-16944.000000 811
-16636.000000 163
-16804.000000 478
-17108.000000 710
-17260.000000 286
-17284.000000 232
-17292.000000 227
-17024.000000 784
-16916.000000 759
-17104.000000 711
-17040.000000 757
-17124.000000 688
-16972.000000 812
-17368.000000 108
-17460.000000 41
-17248.000000 360
-17340.000000 123
-17236.000000 364
-17456.000000 36
-17500.000000 17
-17272.000000 255
-17208.000000 403
-17172.000000 502
-17324.000000 185
-17000.000000 814
-17168.000000 537
-17176.000000 504
-17428.000000 43
-17216.000000 378
-17188.000000 483
-17336.000000 136
-17300.000000 225
-17572.000000 7
-17420.000000 61
-17388.000000 73
-17400.000000 81
-17316.000000 192
-17380.000000 76
-17332.000000 154
-16732.000000 298
-17072.000000 804
-16796.000000 481
-16844.000000 618
-17288.000000 243
-17376.000000 91
-17276.000000 254
-16876.000000 646
-16984.000000 832
-16880.000000 732
-16640.000000 137
-16600.000000 96
-16836.000000 555
-17128.000000 626
-17096.000000 732
-16644.000000 177
-16668.000000 209
-17036.000000 822
-17048.000000 758
-16628.000000 144
-16812.000000 506
-17232.000000 375
-17364.000000 115
-17312.000000 202
-17352.000000 126
-17116.000000 687
-17304.000000 209
-16768.000000 400
-17156.000000 550
-16860.000000 629
-16452.000000 12
-16556.000000 57
-16708.000000 276
-16512.000000 37
-16560.000000 63
-16700.000000 266
-16712.000000 273
-16760.000000 357
-17372.000000 106
-17144.000000 605
-17308.000000 191
-16976.000000 815
-16852.000000 638
-16784.000000 442
-16848.000000 568
-16840.000000 575
-16960.000000 805
-17348.000000 107
-17256.000000 305
-16864.000000 665
-16776.000000 444
-16904.000000 723
-17516.000000 22
-17212.000000 410
-16652.000000 156
-16532.000000 69
-16728.000000 324
-16716.000000 322
-17384.000000 91
-16752.000000 353
-16664.000000 202
-17512.000000 7
-16740.000000 324
-16736.000000 351
-16524.000000 40
-17412.000000 75
-16576.000000 103
-16592.000000 108
-16632.000000 153
-16660.000000 179
-16604.000000 102
-16744.000000 349
-17396.000000 84
-17496.000000 17
-16720.000000 287
-17228.000000 360
-16680.000000 194
-16432.000000 14
-16476.000000 23
-16612.000000 115
-16500.000000 37
-17344.000000 143
-17264.000000 272
-16688.000000 263
-16544.000000 63
-16492.000000 31
-16520.000000 53
-16360.000000 5
-16340.000000 3
-16540.000000 67
-16624.000000 113
-16564.000000 78
-16584.000000 85
-16516.000000 32
-16608.000000 121
-16580.000000 73
-16588.000000 86
-16620.000000 145
-16464.000000 30
-16552.000000 54
-16616.000000 117
-16460.000000 15
-16472.000000 27
-16528.000000 40
-16480.000000 36
-16508.000000 39
-17416.000000 60
-17640.000000 2
-17472.000000 26
-17320.000000 152
-17408.000000 63
-16428.000000 15
-17360.000000 110
-17436.000000 37
-16400.000000 12
-16484.000000 25
-16440.000000 11
-16468.000000 24
-16308.000000 6
-16420.000000 13
-16548.000000 51
-17480.000000 23
-17528.000000 13
-17468.000000 35
-17452.000000 42
-17440.000000 39
-17488.000000 32
-17536.000000 9
-16496.000000 17
-17392.000000 73
-16448.000000 18
-16392.000000 7
-17464.000000 21
-16404.000000 14
-16408.000000 13
-16416.000000 18
-16344.000000 4
-17432.000000 52
-17492.000000 19
-16444.000000 19
-16412.000000 16
-17736.000000 1
-17596.000000 6
-17568.000000 5
-17524.000000 16
-17476.000000 23
-17624.000000 1
-16436.000000 10
-17504.000000 20
-17680.000000 1
-17552.000000 11
-17576.000000 3
-16372.000000 8
-16380.000000 5
-17448.000000 34
-17484.000000 21
-16352.000000 4
-16212.000000 1
-16332.000000 3
-16388.000000 7
-17584.000000 4
-17556.000000 5
-16320.000000 5
-16304.000000 1
-17532.000000 9
-16348.000000 6
-17548.000000 8
-16488.000000 21
-17540.000000 5
-16268.000000 3
-17628.000000 4
-16368.000000 6
-17592.000000 1
-16424.000000 7
-17580.000000 4
-17652.000000 4
-17508.000000 11
-17544.000000 10
-16160.000000 1
-16120.000000 1
-16300.000000 1
-16456.000000 17
-17620.000000 2
-16356.000000 3
-16272.000000 3
-17600.000000 5
-16384.000000 10
-17520.000000 6
-17636.000000 4
-16396.000000 5
-16364.000000 5
-16264.000000 1
-17560.000000 6
-17644.000000 1
-17564.000000 2
-17632.000000 3
-17604.000000 1
-16316.000000 3
-16336.000000 1
-16376.000000 3
-16224.000000 1
-16324.000000 1
-16284.000000 1
-17664.000000 1
-17672.000000 2
-17712.000000 1
-17616.000000 2
-17684.000000 3
-17588.000000 4
-17696.000000 1
-17612.000000 3
-17700.000000 1
-16252.000000 1
-17648.000000 1
-16152.000000 1
-16280.000000 1
-16328.000000 1
-16260.000000 1
-16288.000000 1
0.000000 1012157866
