-16308.000000 420
-16560.000000 750
-16548.000000 806
-16656.000000 638
-16740.000000 453
-16732.000000 442
-16608.000000 726
-16644.000000 685
-16832.000000 282
-16712.000000 453
-16684.000000 571
-16572.000000 762
-16464.000000 764
-16288.000000 389
-16484.000000 707
-16616.000000 708
-16568.000000 732
-16592.000000 690
-16512.000000 734
-16564.000000 741
-16420.000000 677
-16424.000000 647
-16364.000000 519
-16208.000000 233
-16356.000000 495
-16340.000000 470
-16408.000000 622
-16440.000000 629
-16256.000000 282
-16856.000000 245
-16500.000000 750
-16576.000000 812
-16620.000000 717
-16632.000000 684
-16664.000000 627
-16724.000000 485
-16804.000000 326
-16628.000000 721
-16744.000000 457
-16784.000000 359
-16860.000000 224
-16812.000000 304
-16668.000000 614
-16848.000000 212
-16776.000000 379
-16596.000000 741
-16884.000000 164
-16376.000000 526
-16368.000000 542
-16444.000000 631
-16468.000000 654
-16532.000000 793
-16240.000000 278
-16292.000000 380
-16492.000000 716
-16460.000000 754
-16432.000000 594
-16540.000000 723
-16696.000000 546
-16488.000000 777
-16652.000000 625
-16516.000000 754
-16396.000000 563
-16280.000000 355
-16412.000000 618
-16232.000000 275
-16344.000000 507
-16148.000000 144
-16152.000000 161
-16136.000000 119
-16268.000000 336
-16352.000000 495
-16228.000000 275
-16112.000000 107
-16272.000000 332
-16252.000000 306
-16068.000000 82
-16036.000000 61
-16436.000000 652
-16428.000000 660
-16404.000000 559
-16332.000000 459
-16304.000000 423
-16336.000000 508
-16452.000000 690
-16236.000000 263
-16244.000000 275
-16416.000000 653
-16160.000000 173
-15928.000000 18
-15952.000000 20
-16164.000000 168
-16016.000000 38
-16216.000000 266
-16584.000000 716
-16316.000000 433
-16328.000000 455
-16552.000000 733
-16520.000000 699
-16736.000000 466
-16504.000000 718
-16688.000000 598
-16612.000000 666
-16704.000000 522
-16760.000000 407
-16728.000000 526
-16872.000000 199
-16588.000000 669
-16476.000000 697
-16480.000000 747
-16600.000000 751
-16604.000000 724
-16580.000000 762
-16868.000000 197
-16720.000000 526
-16968.000000 83
-17052.000000 32
-16820.000000 289
-16816.000000 306
-16748.000000 403
-16824.000000 263
-16796.000000 347
-16636.000000 677
-16764.000000 427
-16672.000000 604
-16772.000000 417
-16800.000000 309
-17060.000000 31
-16920.000000 115
-16880.000000 164
-16660.000000 641
-16828.000000 247
-16840.000000 247
-16192.000000 198
-16212.000000 216
-16360.000000 535
-16320.000000 428
-16472.000000 688
-16284.000000 389
-16912.000000 142
-16948.000000 111
-16876.000000 181
-16780.000000 373
-17020.000000 35
-16904.000000 150
-16792.000000 326
-16184.000000 190
-16220.000000 235
-16060.000000 75
-16388.000000 573
-16456.000000 699
-16392.000000 572
-16676.000000 614
-16700.000000 562
-16768.000000 421
-16544.000000 757
-16528.000000 801
-16496.000000 716
-16692.000000 559
-16524.000000 724
-16296.000000 374
-16180.000000 157
-16276.000000 320
-16624.000000 688
-16788.000000 326
-16556.000000 746
-16924.000000 128
-16836.000000 260
-16752.000000 460
-16892.000000 175
-17076.000000 28
-16956.000000 75
-16960.000000 77
-16996.000000 46
-17012.000000 35
-17028.000000 42
-17072.000000 32
-17124.000000 12
-16940.000000 111
-17024.000000 29
-16988.000000 62
-16972.000000 80
-16980.000000 69
-16844.000000 234
-16984.000000 73
-16944.000000 113
-16852.000000 246
-16900.000000 155
-16096.000000 87
-16176.000000 189
-16248.000000 284
-16640.000000 631
-16648.000000 641
-16716.000000 497
-16756.000000 432
-17048.000000 23
-17152.000000 6
-17232.000000 2
-16384.000000 556
-16908.000000 153
-16708.000000 533
-16400.000000 576
-16448.000000 679
-16508.000000 723
-16312.000000 394
-17044.000000 39
-16264.000000 316
-16348.000000 475
-16188.000000 202
-16224.000000 239
-16048.000000 58
-16028.000000 52
-16680.000000 608
-16536.000000 732
-16260.000000 320
-16380.000000 579
-17184.000000 7
-17096.000000 14
-16200.000000 200
-15980.000000 28
-15896.000000 9
-16104.000000 102
-16888.000000 173
-16324.000000 435
-16156.000000 153
-16108.000000 88
-16864.000000 209
-17084.000000 15
-16372.000000 555
-16008.000000 45
-16168.000000 158
-17136.000000 8
-17204.000000 5
-16896.000000 152
-16116.000000 110
-16056.000000 53
-16120.000000 102
-16952.000000 101
-16808.000000 298
-16916.000000 145
-16088.000000 92
-16300.000000 395
-16100.000000 92
-16052.000000 53
-16076.000000 71
-16124.000000 105
-16144.000000 148
-16172.000000 189
-16080.000000 88
-16084.000000 66
-15996.000000 24
-15912.000000 11
-15900.000000 11
-16140.000000 123
-16196.000000 200
-16204.000000 217
-17040.000000 31
-16932.000000 112
-16004.000000 35
-16012.000000 34
-16020.000000 42
-16064.000000 69
-16964.000000 85
-16132.000000 114
-16128.000000 110
-15964.000000 24
-16044.000000 56
-15992.000000 36
-15852.000000 8
-15976.000000 30
-15948.000000 19
-15944.000000 19
-16092.000000 77
-16976.000000 59
-16928.000000 116
-17140.000000 6
-17368.000000 1
-17092.000000 17
-16072.000000 77
-16992.000000 52
-15920.000000 21
-15988.000000 27
-17032.000000 35
-17292.000000 4
-15836.000000 4
-15832.000000 3
-15880.000000 9
-15984.000000 30
-17088.000000 21
-17000.000000 60
-17176.000000 4
-17112.000000 16
-17128.000000 9
-17016.000000 49
-17004.000000 41
-16936.000000 101
-17144.000000 7
-17104.000000 16
-17116.000000 8
-17008.000000 51
-16024.000000 36
-16032.000000 46
-17200.000000 5
-16040.000000 47
-16000.000000 40
-17080.000000 24
-15968.000000 26
-15824.000000 4
-15936.000000 17
-17056.000000 29
-17100.000000 20
-15916.000000 13
-17404.000000 1
-15820.000000 5
-15848.000000 5
-15892.000000 8
-15744.000000 1
-15864.000000 10
-17036.000000 42
-15908.000000 8
-17192.000000 9
-15932.000000 23
-15860.000000 5
-15972.000000 27
-17068.000000 24
-17156.000000 9
-15876.000000 4
-15940.000000 19
-15800.000000 5
-15888.000000 5
-15808.000000 2
-15788.000000 1
-15792.000000 2
-15816.000000 3
-15956.000000 16
-17064.000000 25
-15884.000000 4
-17260.000000 2
-17120.000000 10
-15812.000000 3
-17248.000000 2
-17132.000000 14
-17180.000000 5
-17160.000000 7
-15828.000000 3
-15688.000000 1
-17212.000000 5
-15844.000000 4
-17216.000000 4
-17164.000000 5
-17108.000000 9
-15960.000000 18
-17208.000000 1
-17244.000000 1
-15904.000000 7
-15764.000000 1
-17240.000000 2
-15856.000000 4
-17224.000000 3
-15872.000000 6
-17168.000000 6
-15708.000000 1
-15784.000000 2
-15868.000000 4
-17172.000000 3
-15716.000000 2
-15740.000000 1
-15680.000000 1
-15620.000000 1
-17332.000000 1
-17276.000000 1
-17376.000000 1
-15712.000000 1
-15568.000000 1
-15728.000000 1
-15760.000000 1
-17148.000000 5
-17364.000000 1
-17272.000000 2
-15684.000000 2
-15924.000000 4
-17228.000000 1
-17196.000000 1
-15840.000000 2
-17236.000000 1
-17284.000000 1
-17188.000000 1
-15780.000000 1
-17280.000000 1
-15772.000000 1
-15804.000000 1
-15732.000000 1
-17352.000000 1
0.000000 1012157866
