-15448.000000 284
-15792.000000 653
-15728.000000 631
-15752.000000 630
-15836.000000 605
-15844.000000 605
-15644.000000 575
-15684.000000 664
-15812.000000 628
-15760.000000 648
-15544.000000 422
-15436.000000 281
-15396.000000 242
-15496.000000 352
-15612.000000 528
-15604.000000 531
-15564.000000 473
-15660.000000 678
-15592.000000 557
-15516.000000 415
-15532.000000 435
-15512.000000 379
-15332.000000 151
-15372.000000 177
-15456.000000 320
-15596.000000 560
-15560.000000 514
-15360.000000 169
-15576.000000 500
-15552.000000 468
-15424.000000 255
-15740.000000 651
-15896.000000 556
-15692.000000 661
-15864.000000 598
-15832.000000 632
-15724.000000 632
-15808.000000 614
-15988.000000 399
-15956.000000 493
-15904.000000 545
-15892.000000 559
-16032.000000 363
-16020.000000 329
-16048.000000 294
-16136.000000 167
-16004.000000 372
-16112.000000 164
-15880.000000 530
-15928.000000 500
-16044.000000 265
-16128.000000 182
-16012.000000 336
-15912.000000 517
-15748.000000 667
-15772.000000 654
-15712.000000 618
-15908.000000 552
-15856.000000 574
-15780.000000 620
-15648.000000 622
-15820.000000 629
-15948.000000 466
-15768.000000 652
-15900.000000 555
-15972.000000 424
-15816.000000 634
-15848.000000 543
-15940.000000 463
-15608.000000 538
-15536.000000 393
-15688.000000 646
-15628.000000 559
-15520.000000 395
-15384.000000 185
-15376.000000 191
-15708.000000 637
-15736.000000 636
-15528.000000 400
-15744.000000 611
-15796.000000 631
-15984.000000 365
-16224.000000 103
-16100.000000 214
-16088.000000 260
-16104.000000 236
-16248.000000 80
-16196.000000 117
-15804.000000 626
-15668.000000 614
-15720.000000 643
-16000.000000 375
-15368.000000 154
-15308.000000 120
-15336.000000 142
-15248.000000 95
-15624.000000 558
-15652.000000 600
-15476.000000 314
-15568.000000 429
-15860.000000 584
-15556.000000 447
-15588.000000 539
-15548.000000 420
-15764.000000 621
-15524.000000 414
-15488.000000 363
-15584.000000 517
-15440.000000 279
-15480.000000 343
-15632.000000 558
-15756.000000 637
-15464.000000 327
-15492.000000 360
-15828.000000 595
-15732.000000 597
-15468.000000 332
-15540.000000 443
-15580.000000 486
-15776.000000 621
-15788.000000 674
-16056.000000 322
-15936.000000 454
-16064.000000 281
-16068.000000 277
-16188.000000 118
-16160.000000 145
-15980.000000 403
-16092.000000 228
-16372.000000 26
-16036.000000 312
-15916.000000 483
-15656.000000 576
-15672.000000 589
-15664.000000 595
-15680.000000 608
-15852.000000 555
-15704.000000 642
-15716.000000 648
-15504.000000 377
-15364.000000 190
-15328.000000 138
-15452.000000 315
-15460.000000 313
-15676.000000 584
-15292.000000 107
-15392.000000 226
-15952.000000 423
-15620.000000 592
-15228.000000 84
-15276.000000 112
-15348.000000 167
-15800.000000 616
-15924.000000 493
-15932.000000 479
-15960.000000 408
-16176.000000 140
-15996.000000 386
-15872.000000 555
-15420.000000 277
-15320.000000 131
-15888.000000 536
-15840.000000 601
-16140.000000 172
-16060.000000 252
-16148.000000 191
-16216.000000 88
-15976.000000 414
-16324.000000 41
-16244.000000 86
-16360.000000 32
-16120.000000 193
-16172.000000 129
-16340.000000 36
-16328.000000 32
-16192.000000 144
-16252.000000 68
-16344.000000 26
-16144.000000 171
-16168.000000 137
-16240.000000 87
-16200.000000 116
-16320.000000 51
-16028.000000 351
-15992.000000 381
-16464.000000 7
-16576.000000 1
-16552.000000 2
-16448.000000 13
-16352.000000 31
-16232.000000 78
-15964.000000 433
-16180.000000 108
-16228.000000 79
-16164.000000 139
-16212.000000 100
-16308.000000 41
-16072.000000 242
-15700.000000 582
-15472.000000 337
-15784.000000 681
-15600.000000 499
-15636.000000 538
-16040.000000 308
-15508.000000 374
-15380.000000 197
-15428.000000 260
-16008.000000 366
-15824.000000 616
-16316.000000 32
-16116.000000 191
-16016.000000 351
-16080.000000 281
-16472.000000 14
-16268.000000 57
-15484.000000 338
-15968.000000 456
-15640.000000 558
-16052.000000 305
-15884.000000 544
-15204.000000 55
-15404.000000 238
-15288.000000 101
-15572.000000 466
-15416.000000 252
-15388.000000 213
-15312.000000 135
-15408.000000 233
-15268.000000 88
-15224.000000 63
-15432.000000 297
-15220.000000 54
-16272.000000 65
-15876.000000 564
-15616.000000 592
-15920.000000 468
-15400.000000 214
-15244.000000 84
-16076.000000 231
-16296.000000 28
-16084.000000 246
-16348.000000 33
-16124.000000 176
-15352.000000 169
-15100.000000 24
-15316.000000 113
-15696.000000 657
-15868.000000 589
-15500.000000 339
-16024.000000 342
-16108.000000 207
-16276.000000 54
-16264.000000 63
-16488.000000 8
-16096.000000 234
-15944.000000 469
-15236.000000 63
-15172.000000 32
-15296.000000 137
-15084.000000 23
-15340.000000 193
-16152.000000 159
-16280.000000 66
-15280.000000 95
-15148.000000 42
-16208.000000 110
-15212.000000 67
-15096.000000 23
-15324.000000 132
-15412.000000 229
-15256.000000 79
-15264.000000 94
-16156.000000 147
-15260.000000 91
-15132.000000 24
-16304.000000 44
-16220.000000 101
-15444.000000 274
-15344.000000 168
-15196.000000 50
-15240.000000 76
-15252.000000 79
-15232.000000 74
-15304.000000 116
-16204.000000 120
-16236.000000 78
-16260.000000 52
-16292.000000 35
-16184.000000 131
-15284.000000 103
-15160.000000 46
-15124.000000 31
-16132.000000 159
-15200.000000 47
-15120.000000 26
-15184.000000 44
-15356.000000 162
-16400.000000 13
-16336.000000 32
-16256.000000 65
-15156.000000 49
-15140.000000 31
-16300.000000 44
-16420.000000 14
-16460.000000 7
-16288.000000 52
-16404.000000 12
-16284.000000 55
-16332.000000 41
-16384.000000 20
-16376.000000 14
-16364.000000 21
-16356.000000 20
-16396.000000 8
-16432.000000 10
-16444.000000 14
-16388.000000 26
-16428.000000 14
-16532.000000 4
-16524.000000 2
-16392.000000 29
-15004.000000 8
-15072.000000 21
-14900.000000 4
-15192.000000 47
-15168.000000 45
-15300.000000 127
-15176.000000 52
-15272.000000 105
-15060.000000 25
-15180.000000 44
-15216.000000 54
-15104.000000 27
-15088.000000 16
-15020.000000 7
-16412.000000 11
-15188.000000 49
-15208.000000 70
-15008.000000 11
-15136.000000 40
-14996.000000 10
-15064.000000 13
-16408.000000 13
-15080.000000 16
-15092.000000 27
-16312.000000 33
-16492.000000 10
-16468.000000 6
-15028.000000 13
-15012.000000 7
-14960.000000 10
-14916.000000 5
-15144.000000 44
-15108.000000 17
-15152.000000 33
-16416.000000 20
-16512.000000 3
-16496.000000 5
-15056.000000 20
-15112.000000 30
-16436.000000 12
-16380.000000 16
-14924.000000 5
-16368.000000 22
-16516.000000 1
-16544.000000 4
-15032.000000 16
-16440.000000 7
-15128.000000 30
-15164.000000 45
-16508.000000 11
-16520.000000 3
-16456.000000 9
-15048.000000 18
-14980.000000 5
-15076.000000 17
-15068.000000 20
-14892.000000 5
-16424.000000 14
-16560.000000 4
-16564.000000 1
-16484.000000 10
-16528.000000 2
-15016.000000 7
-16640.000000 1
-15000.000000 12
-14912.000000 1
-15044.000000 10
-14908.000000 4
-16504.000000 6
-14964.000000 8
-15040.000000 12
-14840.000000 3
-14876.000000 8
-14984.000000 10
-14836.000000 1
-14868.000000 3
-14968.000000 4
-14872.000000 1
-16556.000000 2
-16480.000000 3
-15052.000000 13
-15116.000000 22
-14972.000000 9
-16476.000000 5
-15024.000000 11
-15036.000000 11
-14988.000000 9
-16604.000000 2
-14940.000000 4
-14956.000000 5
-14856.000000 4
-14808.000000 2
-14880.000000 2
-14992.000000 6
-14764.000000 1
-14904.000000 6
-14976.000000 6
-14932.000000 4
-16568.000000 3
-14952.000000 3
-14816.000000 1
-14788.000000 2
-14948.000000 4
-14832.000000 1
-14812.000000 1
-14684.000000 1
-14800.000000 1
-14864.000000 2
-16452.000000 7
-16500.000000 5
-16572.000000 1
-16584.000000 2
-14848.000000 2
-14860.000000 3
-14944.000000 5
-16612.000000 2
-14828.000000 1
-14928.000000 3
-14936.000000 3
-16548.000000 1
-16596.000000 1
-16624.000000 2
-14888.000000 2
-14920.000000 2
-16540.000000 1
-14852.000000 2
-14700.000000 1
-14896.000000 1
-14796.000000 1
-14740.000000 1
-14728.000000 1
-14736.000000 1
0.000000 1012157866
