-16740.000000 728
-16900.000000 739
-16932.000000 619
-16972.000000 584
-17024.000000 446
-17088.000000 288
-16960.000000 618
-16916.000000 660
-17204.000000 104
-17076.000000 351
-17016.000000 499
-16868.000000 758
-16732.000000 728
-16640.000000 523
-16832.000000 784
-17032.000000 409
-17064.000000 325
-17124.000000 226
-16908.000000 710
-16872.000000 754
-16796.000000 768
-16840.000000 805
-16616.000000 435
-16756.000000 744
-16792.000000 722
-16736.000000 712
-16552.000000 314
-16760.000000 746
-16644.000000 494
-16780.000000 780
-16724.000000 671
-16952.000000 661
-16980.000000 532
-17044.000000 370
-16876.000000 756
-17040.000000 401
-17156.000000 183
-17152.000000 177
-17220.000000 81
-16996.000000 528
-17020.000000 495
-17276.000000 38
-17248.000000 66
-17060.000000 376
-17080.000000 317
-17324.000000 25
-17072.000000 333
-16852.000000 797
-17008.000000 524
-16844.000000 784
-16940.000000 630
-16676.000000 635
-16688.000000 635
-16828.000000 820
-16948.000000 677
-16772.000000 821
-16720.000000 670
-16752.000000 742
-16628.000000 514
-16728.000000 728
-16704.000000 690
-16680.000000 626
-16600.000000 401
-16648.000000 580
-16596.000000 393
-16624.000000 489
-16520.000000 260
-16496.000000 214
-16592.000000 409
-16632.000000 469
-16512.000000 274
-16452.000000 155
-16376.000000 75
-16544.000000 315
-16588.000000 389
-16320.000000 38
-16304.000000 36
-16928.000000 688
-16924.000000 658
-16824.000000 767
-16864.000000 778
-16716.000000 707
-16708.000000 661
-16748.000000 736
-16936.000000 683
-16816.000000 783
-16576.000000 372
-16568.000000 350
-16444.000000 151
-16408.000000 99
-16536.000000 278
-16788.000000 782
-16712.000000 692
-16808.000000 729
-16664.000000 549
-16884.000000 714
-16636.000000 532
-16524.000000 243
-16540.000000 330
-16660.000000 575
-16912.000000 680
-16920.000000 674
-16764.000000 730
-16804.000000 786
-16800.000000 820
-16776.000000 745
-16560.000000 338
-16668.000000 545
-16956.000000 610
-17052.000000 363
-17012.000000 479
-17172.000000 120
-17236.000000 77
-16892.000000 734
-16860.000000 827
-16904.000000 754
-17208.000000 105
-17068.000000 337
-17148.000000 167
-17216.000000 98
-17116.000000 250
-17268.000000 38
-17296.000000 40
-16992.000000 495
-16984.000000 557
-17036.000000 450
-16880.000000 768
-16944.000000 654
-17140.000000 207
-17056.000000 379
-16812.000000 798
-17028.000000 441
-17340.000000 17
-17104.000000 253
-16988.000000 593
-17092.000000 270
-17300.000000 41
-17000.000000 523
-17108.000000 246
-16548.000000 311
-16612.000000 486
-16604.000000 444
-16820.000000 788
-17120.000000 250
-17168.000000 162
-16836.000000 759
-16620.000000 505
-16392.000000 87
-16364.000000 54
-16476.000000 207
-16784.000000 782
-17100.000000 285
-16976.000000 619
-16768.000000 788
-16968.000000 600
-16656.000000 556
-16572.000000 384
-16488.000000 193
-16692.000000 622
-16684.000000 648
-17112.000000 240
-17004.000000 501
-17176.000000 174
-17244.000000 89
-16856.000000 782
-17292.000000 31
-17260.000000 55
-17320.000000 24
-17184.000000 135
-17128.000000 215
-17192.000000 96
-17136.000000 200
-17200.000000 134
-17256.000000 62
-17144.000000 205
-16896.000000 724
-17196.000000 132
-17084.000000 316
-16672.000000 593
-16404.000000 104
-16380.000000 82
-16516.000000 262
-16432.000000 151
-16556.000000 340
-16888.000000 691
-17304.000000 34
-17396.000000 9
-17096.000000 293
-17240.000000 92
-16700.000000 662
-16744.000000 744
-17188.000000 127
-16848.000000 768
-17048.000000 423
-16696.000000 674
-16652.000000 535
-16964.000000 604
-16532.000000 274
-17328.000000 16
-16480.000000 181
-16492.000000 191
-16500.000000 215
-16388.000000 80
-16352.000000 50
-16580.000000 403
-17232.000000 87
-16608.000000 434
-16564.000000 377
-17460.000000 4
-17392.000000 10
-16584.000000 411
-16420.000000 104
-16284.000000 32
-16508.000000 224
-16464.000000 173
-16456.000000 164
-16280.000000 16
-16264.000000 22
-16256.000000 20
-16528.000000 264
-17228.000000 74
-17264.000000 58
-17332.000000 16
-17212.000000 111
-16472.000000 180
-16204.000000 7
-16236.000000 11
-16424.000000 129
-16360.000000 76
-17180.000000 148
-17364.000000 16
-17160.000000 171
-16484.000000 201
-16448.000000 154
-16468.000000 148
-16440.000000 148
-16436.000000 134
-16504.000000 231
-16428.000000 119
-16412.000000 79
-16272.000000 24
-16396.000000 96
-16372.000000 72
-17132.000000 204
-16416.000000 110
-16384.000000 76
-16460.000000 156
-16252.000000 23
-16344.000000 61
-16184.000000 5
-16348.000000 50
-16192.000000 6
-16244.000000 14
-16232.000000 19
-16240.000000 20
-16356.000000 66
-17164.000000 157
-16400.000000 89
-17252.000000 60
-17224.000000 87
-17488.000000 2
-17380.000000 19
-16312.000000 35
-16196.000000 8
-16332.000000 42
-16248.000000 15
-16368.000000 76
-16108.000000 2
-16296.000000 34
-17348.000000 13
-17384.000000 8
-17452.000000 2
-17456.000000 5
-17288.000000 33
-16340.000000 55
-17316.000000 30
-17308.000000 30
-16328.000000 41
-17284.000000 44
-17368.000000 14
-16336.000000 37
-17272.000000 47
-17280.000000 42
-16316.000000 32
-16276.000000 24
-16292.000000 26
-16288.000000 22
-16324.000000 47
-16200.000000 10
-16268.000000 20
-16260.000000 14
-17360.000000 16
-17352.000000 16
-16300.000000 31
-17472.000000 1
-17544.000000 1
-16172.000000 5
-16224.000000 6
-16308.000000 30
-16220.000000 11
-16208.000000 9
-17428.000000 5
-17372.000000 10
-16124.000000 3
-16188.000000 12
-16228.000000 8
-17356.000000 11
-17312.000000 24
-17344.000000 13
-16148.000000 4
-17408.000000 9
-16164.000000 5
-16136.000000 3
-15996.000000 1
-16120.000000 3
-16180.000000 13
-16212.000000 10
-17404.000000 9
-16092.000000 2
-17416.000000 9
-16216.000000 7
-16168.000000 5
-16140.000000 4
-17420.000000 7
-17448.000000 4
-17432.000000 2
-17556.000000 1
-17480.000000 3
-17336.000000 17
-16156.000000 3
-16104.000000 5
-16112.000000 2
-17388.000000 14
-16084.000000 4
-17376.000000 11
-17468.000000 1
-17412.000000 7
-17440.000000 4
-17424.000000 4
-17444.000000 3
-16132.000000 3
-16128.000000 6
-16152.000000 2
-17400.000000 9
-16032.000000 1
-16116.000000 1
-16004.000000 1
-16088.000000 2
-16072.000000 1
-17536.000000 2
-17588.000000 1
-16000.000000 1
-16056.000000 2
-16176.000000 4
-17624.000000 1
-17436.000000 1
-17492.000000 2
-16096.000000 1
-17512.000000 2
-17564.000000 1
-17540.000000 1
-15992.000000 1
-16080.000000 2
-17484.000000 1
-16028.000000 1
-16144.000000 1
-17464.000000 1
-17504.000000 1
-17496.000000 1
0.000000 1012157866
