-16992.000000 585
-17184.000000 813
-17200.000000 769
-17336.000000 509
-17380.000000 407
-17388.000000 407
-17260.000000 739
-17176.000000 859
-17320.000000 529
-17292.000000 672
-17192.000000 835
-17152.000000 887
-17080.000000 785
-17300.000000 648
-17408.000000 295
-17480.000000 162
-17468.000000 171
-17560.000000 70
-17296.000000 614
-17248.000000 741
-17160.000000 849
-17268.000000 699
-17164.000000 892
-17004.000000 613
-16996.000000 596
-16964.000000 493
-17048.000000 755
-17096.000000 877
-16920.000000 368
-17180.000000 842
-17108.000000 764
-17120.000000 831
-17208.000000 808
-16944.000000 432
-17224.000000 801
-17216.000000 826
-17228.000000 781
-17028.000000 670
-17116.000000 837
-17252.000000 825
-17264.000000 709
-17308.000000 601
-17344.000000 480
-17196.000000 852
-17244.000000 744
-17472.000000 207
-17328.000000 551
-17240.000000 713
-17392.000000 360
-17128.000000 834
-17088.000000 778
-17112.000000 847
-17012.000000 636
-17056.000000 724
-17124.000000 843
-17060.000000 702
-16900.000000 329
-17000.000000 570
-17068.000000 741
-16940.000000 457
-17076.000000 796
-17092.000000 801
-17132.000000 821
-17136.000000 861
-16968.000000 495
-17036.000000 678
-17084.000000 740
-17188.000000 832
-17052.000000 712
-16868.000000 261
-16752.000000 85
-17348.000000 435
-17284.000000 679
-17168.000000 895
-17016.000000 613
-17064.000000 788
-17024.000000 622
-16956.000000 486
-16832.000000 188
-16756.000000 89
-17044.000000 697
-16892.000000 329
-16784.000000 124
-16780.000000 123
-16928.000000 404
-17148.000000 851
-17072.000000 775
-17140.000000 820
-17040.000000 710
-17280.000000 652
-16788.000000 126
-16708.000000 49
-16972.000000 474
-17020.000000 594
-16884.000000 293
-17212.000000 878
-16872.000000 287
-16904.000000 343
-17104.000000 796
-17220.000000 822
-17172.000000 818
-17452.000000 210
-17404.000000 315
-17496.000000 138
-17352.000000 456
-17324.000000 562
-17432.000000 276
-17584.000000 53
-17548.000000 73
-17144.000000 843
-17100.000000 857
-17368.000000 446
-17276.000000 702
-17376.000000 392
-17364.000000 424
-17440.000000 237
-17316.000000 608
-17232.000000 810
-17360.000000 495
-17156.000000 874
-17588.000000 37
-17372.000000 448
-17460.000000 190
-17476.000000 172
-17444.000000 236
-17700.000000 9
-17528.000000 97
-17520.000000 100
-17492.000000 151
-17396.000000 356
-17436.000000 265
-17532.000000 111
-17484.000000 160
-17256.000000 739
-16976.000000 501
-16984.000000 541
-17272.000000 712
-17304.000000 632
-16848.000000 232
-16980.000000 524
-17412.000000 284
-16948.000000 424
-16912.000000 336
-16960.000000 478
-16840.000000 213
-16760.000000 84
-17204.000000 792
-16776.000000 97
-17340.000000 501
-17536.000000 77
-17448.000000 226
-17420.000000 284
-17384.000000 405
-17312.000000 616
-17424.000000 256
-17516.000000 108
-17552.000000 71
-17636.000000 25
-17676.000000 12
-17608.000000 35
-17332.000000 515
-16680.000000 43
-16796.000000 129
-16916.000000 359
-16772.000000 107
-17008.000000 605
-16888.000000 326
-17288.000000 658
-17512.000000 109
-16880.000000 278
-17524.000000 85
-17032.000000 637
-17236.000000 807
-17428.000000 253
-17736.000000 4
-16812.000000 150
-16704.000000 57
-16764.000000 87
-16816.000000 158
-16852.000000 220
-16864.000000 246
-16640.000000 24
-17592.000000 48
-17356.000000 476
-16856.000000 272
-17456.000000 187
-17732.000000 4
-16820.000000 164
-16696.000000 53
-17488.000000 147
-17400.000000 330
-16804.000000 152
-17576.000000 52
-16988.000000 576
-17464.000000 183
-17604.000000 29
-17652.000000 26
-17572.000000 37
-17416.000000 287
-16876.000000 264
-16860.000000 220
-16652.000000 26
-16676.000000 23
-17568.000000 60
-16824.000000 193
-16952.000000 493
-17504.000000 124
-17544.000000 90
-16932.000000 397
-16936.000000 409
-16924.000000 390
-16896.000000 301
-17500.000000 129
-16828.000000 193
-16792.000000 122
-16712.000000 47
-16748.000000 83
-16800.000000 142
-16836.000000 200
-16736.000000 74
-16908.000000 342
-16768.000000 113
-16728.000000 73
-16592.000000 13
-16616.000000 14
-16632.000000 19
-16636.000000 17
-16844.000000 199
-16672.000000 29
-16744.000000 82
-16692.000000 38
-17564.000000 62
-17508.000000 120
-17712.000000 8
-17692.000000 15
-16688.000000 41
-17540.000000 75
-17556.000000 72
-16668.000000 38
-16584.000000 7
-16684.000000 41
-16516.000000 2
-16720.000000 55
-16648.000000 24
-16628.000000 23
-16656.000000 18
-17800.000000 3
-17660.000000 16
-17600.000000 45
-17616.000000 36
-16724.000000 58
-17596.000000 43
-16808.000000 148
-17612.000000 26
-16716.000000 42
-16732.000000 62
-17688.000000 12
-17752.000000 7
-17628.000000 25
-16664.000000 23
-16624.000000 9
-17580.000000 51
-16588.000000 6
-17684.000000 2
-17696.000000 10
-16660.000000 22
-16700.000000 37
-16512.000000 4
-16740.000000 77
-16644.000000 15
-16604.000000 18
-17656.000000 9
-16620.000000 9
-17624.000000 29
-17668.000000 17
-16608.000000 18
-17648.000000 20
-17620.000000 21
-17724.000000 5
-16580.000000 12
-17640.000000 24
-17844.000000 1
-17680.000000 11
-16576.000000 13
-16596.000000 12
-16564.000000 6
-16528.000000 1
-17716.000000 3
-16476.000000 2
-16440.000000 2
-17644.000000 18
-16448.000000 1
-16484.000000 2
-16480.000000 4
-16560.000000 7
-17664.000000 11
-17632.000000 27
-16436.000000 1
-16540.000000 5
-17672.000000 9
-16572.000000 1
-17720.000000 2
-17816.000000 1
-17728.000000 4
-17748.000000 2
-16544.000000 3
-16536.000000 4
-16320.000000 1
-16368.000000 1
-16468.000000 3
-17796.000000 3
-16556.000000 7
-16492.000000 3
-16464.000000 1
-16600.000000 9
-16612.000000 11
-16548.000000 3
-17776.000000 3
-17740.000000 2
-17808.000000 2
-17820.000000 2
-17744.000000 3
-16568.000000 5
-16508.000000 3
-16432.000000 1
-16552.000000 4
-17708.000000 1
-16452.000000 1
-17772.000000 4
-17792.000000 2
-17768.000000 1
-17860.000000 1
-17756.000000 2
-16472.000000 1
-16524.000000 3
-17804.000000 2
-16532.000000 2
-17764.000000 2
-16520.000000 3
-17760.000000 2
-17868.000000 1
-16496.000000 2
-17704.000000 2
-16324.000000 1
-16456.000000 1
-16504.000000 1
-17788.000000 1
0.000000 1012157866
