-16688.000000 754
-16840.000000 612
-16836.000000 701
-16920.000000 485
-16996.000000 323
-17040.000000 213
-16972.000000 348
-16952.000000 426
-17192.000000 47
-17064.000000 194
-16992.000000 327
-16848.000000 644
-16668.000000 758
-16528.000000 448
-16764.000000 757
-16912.000000 538
-16928.000000 461
-16892.000000 557
-16976.000000 353
-16808.000000 731
-16784.000000 753
-16680.000000 696
-16744.000000 775
-16636.000000 673
-16520.000000 446
-16536.000000 482
-16512.000000 473
-16564.000000 521
-16584.000000 563
-16576.000000 555
-16368.000000 180
-16600.000000 655
-16604.000000 627
-16480.000000 362
-16664.000000 726
-16900.000000 555
-16608.000000 662
-16736.000000 764
-16864.000000 636
-16820.000000 687
-16908.000000 494
-16756.000000 797
-16960.000000 364
-16924.000000 420
-17056.000000 183
-17208.000000 48
-16944.000000 389
-17240.000000 23
-17212.000000 36
-16964.000000 373
-16980.000000 373
-17256.000000 23
-17024.000000 261
-16720.000000 775
-16800.000000 715
-16772.000000 771
-16792.000000 759
-16548.000000 562
-16776.000000 702
-16904.000000 496
-16700.000000 777
-16652.000000 713
-16656.000000 718
-16732.000000 735
-16676.000000 791
-16712.000000 757
-16880.000000 595
-16728.000000 739
-16508.000000 433
-16580.000000 576
-16440.000000 261
-16432.000000 290
-16544.000000 489
-16456.000000 283
-16388.000000 225
-16292.000000 93
-16436.000000 309
-16204.000000 38
-16156.000000 19
-16592.000000 628
-16832.000000 692
-16704.000000 772
-16644.000000 718
-16588.000000 625
-16620.000000 676
-16804.000000 759
-16760.000000 837
-16556.000000 559
-16572.000000 545
-16412.000000 235
-16236.000000 47
-16288.000000 90
-16484.000000 389
-16424.000000 266
-16696.000000 756
-16640.000000 707
-16384.000000 218
-16692.000000 771
-16488.000000 382
-16624.000000 662
-16816.000000 723
-16596.000000 646
-16896.000000 553
-16860.000000 634
-16740.000000 737
-16524.000000 466
-16540.000000 490
-16628.000000 674
-16828.000000 703
-16888.000000 580
-16956.000000 419
-17000.000000 291
-17124.000000 103
-16916.000000 487
-16884.000000 554
-16876.000000 617
-17120.000000 118
-17188.000000 46
-17012.000000 262
-17072.000000 184
-17116.000000 116
-17036.000000 228
-17248.000000 29
-16932.000000 433
-16984.000000 325
-16852.000000 651
-17044.000000 224
-17016.000000 271
-16768.000000 748
-16788.000000 744
-16948.000000 416
-16940.000000 445
-16988.000000 309
-17264.000000 19
-17052.000000 194
-17008.000000 298
-16428.000000 273
-16420.000000 243
-16616.000000 654
-16552.000000 538
-16752.000000 741
-16936.000000 420
-16780.000000 727
-16568.000000 542
-17048.000000 193
-17164.000000 78
-17068.000000 182
-17100.000000 134
-16316.000000 105
-16380.000000 194
-16284.000000 72
-16360.000000 169
-16672.000000 753
-16504.000000 409
-16968.000000 372
-16724.000000 781
-16472.000000 362
-16344.000000 136
-16400.000000 247
-16684.000000 748
-17020.000000 222
-16560.000000 558
-16500.000000 423
-16648.000000 723
-16824.000000 670
-17236.000000 22
-17084.000000 163
-17220.000000 27
-17172.000000 57
-17060.000000 180
-17032.000000 242
-17096.000000 144
-17252.000000 19
-17328.000000 4
-17156.000000 78
-17108.000000 123
-17112.000000 123
-17176.000000 56
-17080.000000 155
-17152.000000 78
-16708.000000 762
-16260.000000 48
-16300.000000 100
-16408.000000 231
-16716.000000 771
-16872.000000 612
-16812.000000 737
-17160.000000 58
-17204.000000 39
-17296.000000 14
-17088.000000 156
-16444.000000 288
-16516.000000 433
-16632.000000 671
-16612.000000 642
-16748.000000 789
-16856.000000 596
-16844.000000 685
-16496.000000 397
-16340.000000 146
-16464.000000 333
-16448.000000 276
-16460.000000 283
-16268.000000 68
-16212.000000 36
-17168.000000 62
-17180.000000 48
-17028.000000 242
-17388.000000 1
-16796.000000 746
-16492.000000 372
-16452.000000 285
-16376.000000 190
-17004.000000 295
-17184.000000 58
-16176.000000 26
-16172.000000 16
-16320.000000 107
-17224.000000 31
-16868.000000 637
-17132.000000 78
-17128.000000 106
-16248.000000 49
-16336.000000 130
-16328.000000 130
-17140.000000 83
-17200.000000 47
-16416.000000 246
-16324.000000 109
-16532.000000 497
-16468.000000 347
-17104.000000 119
-16476.000000 373
-16296.000000 102
-16256.000000 60
-17136.000000 79
-16348.000000 129
-16304.000000 99
-16660.000000 741
-16264.000000 67
-16272.000000 52
-16392.000000 183
-17228.000000 31
-16352.000000 130
-16372.000000 177
-16396.000000 189
-17092.000000 119
-16364.000000 164
-16308.000000 116
-16232.000000 50
-16332.000000 125
-17148.000000 80
-16280.000000 60
-16200.000000 30
-16228.000000 43
-16276.000000 62
-16040.000000 4
-16216.000000 44
-16224.000000 36
-16152.000000 24
-16208.000000 38
-16132.000000 14
-16140.000000 20
-17392.000000 2
-17268.000000 13
-16356.000000 144
-16404.000000 244
-17076.000000 147
-17144.000000 70
-16252.000000 62
-16192.000000 33
-16164.000000 24
-15920.000000 2
-16076.000000 7
-16136.000000 10
-17304.000000 12
-17456.000000 2
-16088.000000 9
-16060.000000 4
-16144.000000 15
-17260.000000 19
-17452.000000 1
-17216.000000 27
-17244.000000 22
-17276.000000 13
-16108.000000 10
-16220.000000 50
-16244.000000 53
-16096.000000 7
-16160.000000 19
-16196.000000 30
-16184.000000 25
-15980.000000 1
-16112.000000 17
-16168.000000 22
-16312.000000 105
-16072.000000 9
-17284.000000 7
-17336.000000 8
-16240.000000 56
-17348.000000 5
-16180.000000 20
-16116.000000 11
-16100.000000 10
-16092.000000 4
-17196.000000 45
-17344.000000 8
-17424.000000 3
-16084.000000 6
-16148.000000 12
-16188.000000 29
-16128.000000 10
-17272.000000 13
-16032.000000 6
-17352.000000 4
-16104.000000 10
-17280.000000 16
-16080.000000 11
-15992.000000 1
-15896.000000 1
-16068.000000 5
-16004.000000 6
-16024.000000 1
-16016.000000 6
-16020.000000 4
-17232.000000 26
-17288.000000 8
-16056.000000 3
-17332.000000 3
-16064.000000 9
-17292.000000 7
-17356.000000 3
-17472.000000 1
-17312.000000 8
-16044.000000 6
-15972.000000 1
-16120.000000 12
-15908.000000 1
-17364.000000 5
-15956.000000 2
-17340.000000 4
-17372.000000 4
-17368.000000 4
-17316.000000 9
-17324.000000 10
-17320.000000 8
-17376.000000 1
-17384.000000 2
-17300.000000 4
-17308.000000 10
-17380.000000 1
-15844.000000 1
-16008.000000 2
-17416.000000 2
-17396.000000 1
-16012.000000 4
-15984.000000 2
-16048.000000 2
-15904.000000 1
-16052.000000 2
-16124.000000 8
-16000.000000 2
-15900.000000 1
-17432.000000 2
-17444.000000 2
-17524.000000 1
-15912.000000 1
-17568.000000 1
-17400.000000 2
-17412.000000 1
-15952.000000 1
-17484.000000 1
-17440.000000 1
-15988.000000 1
-17360.000000 1
-15976.000000 1
-16028.000000 1
-17420.000000 1
-17404.000000 1
-15932.000000 1
0.000000 1012157866
