-1.527500 0.014656
-1.602500 0.008359
-1.567500 0.012667
-1.502500 0.013344
-1.512500 0.013395
-1.577500 0.011764
-1.632500 0.004195
-1.717500 0.000144
-1.657500 0.001672
-1.685000 0.000667
-1.660000 0.001949
-1.682500 0.000749
-1.700000 0.000174
-1.645000 0.002933
-1.687500 0.000574
-1.667500 0.001149
-1.655000 0.002123
-1.605000 0.007795
-1.627500 0.004585
-1.590000 0.009446
-1.597500 0.008503
-1.552500 0.013518
-1.537500 0.014790
-1.547500 0.013938
-1.610000 0.006564
-1.582500 0.011087
-1.600000 0.008790
-1.652500 0.002359
-1.650000 0.002421
-1.557500 0.013508
-1.497500 0.013774
-1.507500 0.013077
-1.480000 0.011477
-1.580000 0.011231
-1.565000 0.012256
-1.617500 0.006103
-1.615000 0.006164
-1.570000 0.012697
-1.572500 0.012215
-1.550000 0.013128
-1.520000 0.014215
-1.510000 0.013590
-1.575000 0.011990
-1.612500 0.007149
-1.585000 0.010646
-1.637500 0.003405
-1.690000 0.000513
-1.642500 0.003015
-1.670000 0.001303
-1.607500 0.007590
-1.555000 0.013282
-1.635000 0.003785
-1.587500 0.010226
-1.545000 0.013979
-1.532500 0.014503
-1.562500 0.013179
-1.517500 0.013641
-1.535000 0.014031
-1.540000 0.014205
-1.525000 0.014164
-1.515000 0.013918
-1.542500 0.014277
-1.440000 0.006062
-1.422500 0.004841
-1.505000 0.013764
-1.495000 0.012759
-1.470000 0.010687
-1.445000 0.007087
-1.477500 0.010790
-1.500000 0.013026
-1.455000 0.007846
-1.485000 0.011385
-1.475000 0.010349
-1.427500 0.005344
-1.375000 0.001990
-1.417500 0.004523
-1.382500 0.001897
-1.402500 0.003744
-1.492500 0.011774
-1.435000 0.005723
-1.410000 0.003723
-1.412500 0.004287
-1.390000 0.002605
-1.420000 0.004513
-1.452500 0.007262
-1.465000 0.009067
-1.522500 0.014092
-1.482500 0.010944
-1.400000 0.003333
-1.487500 0.011744
-1.625000 0.005026
-1.672500 0.001046
-1.647500 0.002749
-1.695000 0.000390
-1.640000 0.003364
-1.595000 0.009262
-1.530000 0.015333
-1.560000 0.012769
-1.622500 0.005385
-1.620000 0.005354
-1.675000 0.001026
-1.707500 0.000215
-1.630000 0.004174
-1.592500 0.009395
-1.450000 0.007497
-1.472500 0.010041
-1.460000 0.008605
-1.447500 0.006851
-1.462500 0.008913
-1.490000 0.011713
-1.432500 0.005621
-1.665000 0.001364
-1.467500 0.009569
-1.387500 0.001928
-1.350000 0.001087
-1.355000 0.001169
-1.345000 0.000995
-1.405000 0.003282
-1.395000 0.002933
-1.430000 0.005374
-1.347500 0.001046
-1.442500 0.006800
-1.367500 0.001559
-1.370000 0.001579
-1.337500 0.000944
-1.365000 0.001364
-1.437500 0.006318
-1.397500 0.002667
-1.357500 0.001262
-1.392500 0.002718
-1.380000 0.001938
-1.360000 0.001251
-1.362500 0.001569
-1.340000 0.000728
-1.385000 0.002195
-1.415000 0.004041
-1.457500 0.008492
-1.330000 0.000574
-1.320000 0.000513
-1.372500 0.001764
-1.317500 0.000472
-1.280000 0.000103
-1.335000 0.000728
-1.312500 0.000441
-1.302500 0.000297
-1.307500 0.000338
-1.407500 0.003446
-1.425000 0.005446
-1.705000 0.000246
-1.662500 0.001549
-1.692500 0.000287
-1.680000 0.000831
-1.715000 0.000164
-1.747500 0.000010
-1.697500 0.000328
-1.677500 0.000872
-1.722500 0.000051
-1.735000 0.000031
-1.377500 0.001805
-1.710000 0.000205
-1.702500 0.000215
-1.315000 0.000554
-1.757500 0.000010
-1.790000 0.000010
-1.777500 0.000010
-1.737500 0.000031
-1.740000 0.000051
-1.342500 0.000749
-1.742500 0.000021
-1.730000 0.000062
-1.720000 0.000072
-1.327500 0.000574
-1.300000 0.000277
-1.725000 0.000062
-1.322500 0.000503
-1.352500 0.000944
-1.310000 0.000359
-1.305000 0.000256
-1.297500 0.000195
-1.282500 0.000164
-1.265000 0.000072
-1.325000 0.000626
-1.285000 0.000092
-1.712500 0.000123
-1.727500 0.000041
-1.295000 0.000267
-1.277500 0.000164
-1.287500 0.000195
-1.332500 0.000503
-1.272500 0.000144
-1.290000 0.000195
-1.207500 0.000031
-1.260000 0.000062
-1.292500 0.000205
-1.257500 0.000082
-1.275000 0.000133
-1.267500 0.000082
-1.250000 0.000062
-1.235000 0.000031
-1.252500 0.000041
-1.255000 0.000082
-1.247500 0.000072
-1.175000 0.000010
-1.232500 0.000031
-1.185000 0.000021
-1.237500 0.000021
-1.270000 0.000092
-1.210000 0.000021
-1.200000 0.000010
-1.170000 0.000021
-1.172500 0.000010
-1.180000 0.000021
-1.220000 0.000021
-1.262500 0.000072
-1.212500 0.000031
-1.192500 0.000021
-1.732500 0.000010
-1.752500 0.000010
-1.222500 0.000010
-1.242500 0.000021
-1.745000 0.000010
-1.227500 0.000010
-1.240000 0.000010
0.000000 11331.593641
