-1.415918 0.000544
-1.420204 0.000554
-1.413469 0.000574
-1.419796 0.000544
-1.424694 0.000246
-1.405102 0.000903
-1.400000 0.001364
-1.404490 0.001210
-1.401429 0.001446
-1.414490 0.000738
-1.398776 0.001415
-1.393673 0.001928
-1.386122 0.002492
-1.392857 0.001867
-1.401224 0.001456
-1.387551 0.002287
-1.392449 0.001949
-1.402449 0.001385
-1.416327 0.000605
-1.377551 0.002964
-1.398571 0.001467
-1.383878 0.002738
-1.389796 0.002031
-1.387959 0.002246
-1.400408 0.001323
-1.379796 0.002687
-1.386939 0.002492
-1.388367 0.002246
-1.378776 0.002718
-1.379184 0.003015
-1.387143 0.001969
-1.372245 0.002974
-1.386735 0.002297
-1.389592 0.001990
-1.395102 0.001805
-1.405510 0.001128
-1.405918 0.001159
-1.395306 0.001856
-1.385918 0.002451
-1.359592 0.003097
-1.369388 0.003221
-1.378163 0.002718
-1.376327 0.002964
-1.393878 0.001549
-1.366122 0.003108
-1.380612 0.002851
-1.380408 0.002697
-1.368163 0.003036
-1.366531 0.002831
-1.395714 0.001938
-1.382653 0.002646
-1.385306 0.002677
-1.371429 0.003005
-1.376122 0.002790
-1.396939 0.001764
-1.385714 0.002277
-1.388163 0.002082
-1.378367 0.002615
-1.371633 0.003190
-1.383061 0.002421
-1.377347 0.002697
-1.376531 0.002913
-1.360000 0.003056
-1.370000 0.003138
-1.384694 0.002503
-1.390816 0.002144
-1.384898 0.002256
-1.397551 0.001600
-1.389388 0.002010
-1.387755 0.002164
-1.391224 0.001959
-1.384082 0.002697
-1.380816 0.002472
-1.382857 0.002769
-1.399184 0.001477
-1.403673 0.001097
-1.396531 0.001600
-1.402245 0.001303
-1.391020 0.002338
-1.371837 0.003210
-1.392041 0.001867
-1.399796 0.001333
-1.391633 0.002021
-1.408776 0.000985
-1.399592 0.001467
-1.394082 0.001887
-1.385102 0.002595
-1.398980 0.001344
-1.402653 0.001231
-1.390204 0.001908
-1.381020 0.002810
-1.365918 0.002810
-1.381633 0.002564
-1.383469 0.002533
-1.388980 0.002113
-1.355102 0.002892
-1.360408 0.002954
-1.381429 0.002503
-1.356531 0.002974
-1.362449 0.003323
-1.349592 0.002554
-1.345306 0.002533
-1.364694 0.003097
-1.367959 0.003036
-1.381224 0.002564
-1.378980 0.002831
-1.375510 0.002933
-1.375102 0.002759
-1.363061 0.003046
-1.372653 0.002841
-1.362245 0.003015
-1.370612 0.002841
-1.357551 0.002554
-1.369592 0.003292
-1.374898 0.002923
-1.388571 0.001815
-1.409388 0.000903
-1.406327 0.001015
-1.401633 0.001251
-1.384286 0.002462
-1.363265 0.003303
-1.353878 0.002790
-1.353061 0.002708
-1.361429 0.003354
-1.342857 0.002205
-1.347755 0.002421
-1.353265 0.002974
-1.354694 0.002913
-1.354082 0.003067
-1.364490 0.003108
-1.361020 0.003210
-1.361837 0.003200
-1.362653 0.003313
-1.359796 0.003241
-1.360816 0.003026
-1.344490 0.002195
-1.339184 0.001897
-1.345714 0.002195
-1.342653 0.002041
-1.362857 0.003344
-1.367551 0.003385
-1.369184 0.002913
-1.337143 0.001528
-1.347143 0.002564
-1.356327 0.003190
-1.375306 0.003221
-1.363878 0.003067
-1.372449 0.003179
-1.363469 0.002985
-1.357143 0.002964
-1.358776 0.003303
-1.371020 0.002810
-1.375714 0.002769
-1.390000 0.002185
-1.393265 0.002072
-1.409592 0.000903
-1.408367 0.000903
-1.396122 0.001672
-1.429592 0.000185
-1.425510 0.000328
-1.423061 0.000328
-1.415306 0.000564
-1.414694 0.000595
-1.401020 0.001395
-1.417347 0.000564
-1.415102 0.000615
-1.410408 0.000738
-1.394490 0.001785
-1.397143 0.001703
-1.410612 0.000841
-1.400816 0.001159
-1.397347 0.001405
-1.388776 0.002174
-1.405714 0.000954
-1.414898 0.000544
-1.408163 0.000892
-1.391837 0.001815
-1.405306 0.001159
-1.407755 0.000810
-1.373469 0.002862
-1.393061 0.001949
-1.410000 0.000800
-1.408980 0.000954
-1.413265 0.000759
-1.424490 0.000318
-1.395510 0.001508
-1.382245 0.002513
-1.378571 0.002708
-1.383265 0.002564
-1.374286 0.002944
-1.376939 0.002728
-1.376735 0.003077
-1.393469 0.001641
-1.403061 0.001251
-1.384490 0.002369
-1.380000 0.002554
-1.360204 0.003026
-1.361224 0.003221
-1.354898 0.002718
-1.364898 0.003015
-1.370408 0.002903
-1.402857 0.001354
-1.377755 0.002738
-1.386327 0.002533
-1.377959 0.002831
-1.382449 0.002431
-1.382041 0.002656
-1.370204 0.003108
-1.398367 0.001774
-1.401837 0.001467
-1.390612 0.001990
-1.406531 0.001231
-1.375918 0.002841
-1.403469 0.001364
-1.411020 0.000708
-1.390408 0.002195
-1.397755 0.001631
-1.398163 0.001405
-1.402041 0.001036
-1.412449 0.000656
-1.411224 0.000656
-1.355306 0.002585
-1.392245 0.001928
-1.403265 0.001128
-1.381837 0.002308
-1.379592 0.002523
-1.356939 0.003262
-1.373878 0.002954
-1.374082 0.002923
-1.349388 0.002687
-1.342041 0.002246
-1.345102 0.002195
-1.360612 0.003262
-1.351837 0.002759
-1.367755 0.003292
-1.366735 0.002841
-1.373265 0.003190
-1.372041 0.002933
-1.365102 0.003333
-1.397959 0.001559
-1.389184 0.002103
-1.383673 0.002564
-1.368776 0.002903
-1.368571 0.003323
-1.400204 0.001436
-1.368367 0.003138
-1.365714 0.003138
-1.379388 0.002718
-1.358571 0.002882
-1.357347 0.003046
-1.394286 0.001764
-1.419592 0.000379
-1.415714 0.000492
-1.414286 0.000728
-1.418776 0.000451
-1.424082 0.000318
-1.394694 0.001826
-1.391429 0.002000
-1.364082 0.003251
-1.418367 0.000523
-1.407551 0.000985
-1.404082 0.001169
-1.392653 0.001795
-1.366327 0.003272
-1.368980 0.002944
-1.365510 0.002892
-1.338163 0.001887
-1.330612 0.001221
-1.342449 0.002010
-1.345510 0.002451
-1.334286 0.001303
-1.350612 0.002503
-1.357959 0.003272
-1.354490 0.002841
-1.348163 0.002492
-1.343673 0.002390
-1.348980 0.002503
-1.351020 0.002421
-1.347959 0.002185
-1.363673 0.003118
-1.332041 0.001210
-1.331633 0.001364
-1.326122 0.000769
-1.348776 0.002769
-1.350204 0.002974
-1.366939 0.003046
-1.327347 0.000923
-1.335306 0.001744
-1.331020 0.001138
-1.332449 0.001272
-1.330816 0.001169
-1.340000 0.001692
-1.352653 0.002554
-1.336735 0.001631
-1.325306 0.000759
-1.341429 0.002267
-1.336939 0.001682
-1.338571 0.001590
-1.323878 0.000718
-1.319184 0.000379
-1.316939 0.000421
-1.308367 0.000164
-1.314082 0.000318
-1.334694 0.001774
-1.320816 0.000677
-1.313878 0.000277
-1.319592 0.000513
-1.325102 0.000677
-1.344082 0.002133
-1.346939 0.002390
-1.341837 0.002154
-1.335918 0.001641
-1.346122 0.002205
-1.328571 0.001077
-1.352245 0.002790
-1.340408 0.002174
-1.332245 0.001313
-1.350816 0.002554
-1.343878 0.002103
-1.328163 0.001118
-1.327143 0.001159
-1.337347 0.001836
-1.343265 0.002215
-1.347551 0.002564
-1.336531 0.001682
-1.349796 0.002974
-1.336327 0.001805
-1.328776 0.001210
-1.333673 0.001426
-1.323673 0.000667
-1.342245 0.002195
-1.373673 0.002892
-1.367143 0.003415
-1.353673 0.002513
-1.337551 0.001867
-1.330204 0.001179
-1.332857 0.001446
-1.337755 0.001692
-1.324286 0.000759
-1.334082 0.001621
-1.323469 0.000574
-1.331224 0.001118
-1.339592 0.001846
-1.327959 0.001036
-1.338367 0.001805
-1.323265 0.000718
-1.324082 0.000677
-1.325510 0.000769
-1.351429 0.002821
-1.347347 0.002144
-1.341633 0.002379
-1.334898 0.001364
-1.332653 0.001487
-1.349184 0.002708
-1.355510 0.002954
-1.361633 0.003241
-1.365306 0.002933
-1.358163 0.003015
-1.357755 0.003149
-1.369796 0.002913
-1.344694 0.002421
-1.370816 0.002892
-1.358980 0.003221
-1.354286 0.002872
-1.431837 0.000174
-1.414082 0.000605
-1.374694 0.003097
-1.404898 0.001292
-1.380204 0.002687
-1.372857 0.002923
-1.386531 0.002492
-1.346735 0.002421
-1.319388 0.000544
-1.348367 0.002585
-1.320204 0.000533
-1.359388 0.003138
-1.346327 0.002400
-1.334490 0.001292
-1.344286 0.002523
-1.364286 0.003364
-1.358367 0.003313
-1.352041 0.003026
-1.373061 0.002800
-1.371224 0.002913
-1.408571 0.000851
-1.404286 0.001015
-1.407143 0.000851
-1.385510 0.002564
-1.377143 0.002913
-1.413878 0.000626
-1.411429 0.000810
-1.412857 0.000708
-1.423469 0.000308
-1.407347 0.000800
-1.356735 0.003159
-1.352857 0.002933
-1.351633 0.002687
-1.338980 0.001826
-1.339388 0.001856
-1.350000 0.002985
-1.367347 0.003067
-1.355918 0.002974
-1.394898 0.001590
-1.403878 0.001251
-1.410204 0.000779
-1.412653 0.000718
-1.420816 0.000359
-1.362041 0.003231
-1.343469 0.002113
-1.341224 0.001887
-1.399388 0.001395
-1.350408 0.002718
-1.355714 0.003015
-1.343061 0.001949
-1.335510 0.001549
-1.314490 0.000462
-1.324694 0.000964
-1.329184 0.001374
-1.348571 0.002718
-1.359184 0.002913
-1.340612 0.002051
-1.305306 0.000103
-1.304490 0.000123
-1.326531 0.000862
-1.331837 0.001200
-1.325918 0.000862
-1.326735 0.001005
-1.320000 0.000421
-1.356122 0.002841
-1.329592 0.001179
-1.321020 0.000656
-1.333265 0.001313
-1.323061 0.000667
-1.315102 0.000308
-1.310816 0.000308
-1.308776 0.000185
-1.341020 0.001815
-1.352449 0.002821
-1.374490 0.003046
-1.338776 0.002113
-1.307959 0.000236
-1.344898 0.002400
-1.321224 0.000605
-1.322245 0.000667
-1.335102 0.001467
-1.353469 0.002841
-1.346531 0.002410
-1.339796 0.001938
-1.333878 0.001364
-1.325714 0.000790
-1.340204 0.002021
-1.320612 0.000605
-1.318776 0.000513
-1.306735 0.000267
-1.307551 0.000133
-1.330000 0.001056
-1.337959 0.001805
-1.317959 0.000421
-1.322449 0.000636
-1.318163 0.000451
-1.316122 0.000318
-1.311429 0.000318
-1.310000 0.000185
-1.331429 0.001323
-1.340816 0.001949
-1.333469 0.001149
-1.335714 0.001395
-1.319796 0.000482
-1.327755 0.000903
-1.345918 0.002267
-1.321429 0.000697
-1.328980 0.001241
-1.329796 0.000995
-1.327551 0.000954
-1.336122 0.001610
-1.313469 0.000287
-1.351224 0.002554
-1.303265 0.000072
-1.317551 0.000431
-1.312245 0.000308
-1.322857 0.000585
-1.311837 0.000267
-1.315510 0.000338
-1.324898 0.000851
-1.318980 0.000564
-1.316735 0.000431
-1.309184 0.000256
-1.322041 0.000636
-1.333061 0.001313
-1.329388 0.001169
-1.316531 0.000328
-1.330408 0.000944
-1.324490 0.000595
-1.321837 0.000421
-1.326939 0.000892
-1.317143 0.000400
-1.309796 0.000277
-1.291633 0.000021
-1.310612 0.000215
-1.297551 0.000051
-1.296735 0.000041
-1.318571 0.000462
-1.326327 0.000892
-1.307347 0.000185
-1.314694 0.000338
-1.321633 0.000636
-1.305918 0.000174
-1.312449 0.000308
-1.316327 0.000349
-1.317755 0.000513
-1.315714 0.000390
-1.312653 0.000349
-1.387347 0.002113
-1.315306 0.000369
-1.395918 0.001815
-1.422653 0.000369
-1.430000 0.000174
-1.426939 0.000185
-1.427143 0.000246
-1.400612 0.001446
-1.396327 0.001549
-1.311224 0.000246
-1.407959 0.001005
-1.406939 0.000913
-1.412245 0.000779
-1.404694 0.000995
-1.417755 0.000523
-1.406122 0.001159
-1.406735 0.000933
-1.415510 0.000626
-1.396735 0.001703
-1.418980 0.000554
-1.421224 0.000421
-1.417551 0.000472
-1.427959 0.000205
-1.425714 0.000277
-1.413061 0.000677
-1.420000 0.000472
-1.410816 0.000759
-1.427755 0.000174
-1.418163 0.000554
-1.416122 0.000482
-1.421020 0.000410
-1.411837 0.000728
-1.422041 0.000267
-1.444694 0.000031
-1.424898 0.000318
-1.434286 0.000144
-1.421837 0.000410
-1.409796 0.000841
-1.433878 0.000072
-1.426531 0.000267
-1.426122 0.000349
-1.298776 0.000062
-1.314286 0.000287
-1.307755 0.000195
-1.305510 0.000123
-1.320408 0.000697
-1.314898 0.000369
-1.297755 0.000072
-1.309388 0.000215
-1.413673 0.000759
-1.420612 0.000441
-1.313061 0.000256
-1.423265 0.000431
-1.430204 0.000226
-1.311020 0.000205
-1.304898 0.000092
-1.293673 0.000041
-1.294490 0.000021
-1.299592 0.000062
-1.312041 0.000195
-1.311633 0.000174
-1.328367 0.000882
-1.322653 0.000656
-1.302041 0.000103
-1.300612 0.000041
-1.297143 0.000062
-1.299796 0.000051
-1.315918 0.000308
-1.312857 0.000277
-1.308571 0.000164
-1.302245 0.000062
-1.317347 0.000421
-1.304694 0.000133
-1.308163 0.000144
-1.318367 0.000421
-1.305714 0.000103
-1.309592 0.000195
-1.294082 0.000021
-1.303673 0.000103
-1.302653 0.000051
-1.288571 0.000021
-1.298980 0.000072
-1.304286 0.000113
-1.302857 0.000123
-1.306531 0.000082
-1.306939 0.000154
-1.292245 0.000031
-1.298163 0.000051
-1.411633 0.000636
-1.417959 0.000421
-1.306122 0.000185
-1.308980 0.000185
-1.305102 0.000051
-1.310408 0.000185
-1.313265 0.000267
-1.300000 0.000051
-1.302449 0.000103
-1.298571 0.000041
-1.301429 0.000103
-1.303061 0.000082
-1.300408 0.000051
-1.310204 0.000154
-1.295306 0.000031
-1.303469 0.000041
-1.301837 0.000092
-1.313673 0.000318
-1.303878 0.000133
-1.301633 0.000072
-1.298367 0.000051
-1.295918 0.000021
-1.307143 0.000133
-1.299388 0.000082
-1.296122 0.000021
-1.301020 0.000051
-1.297959 0.000051
-1.300816 0.000092
-1.306327 0.000133
-1.291429 0.000021
-1.286122 0.000010
-1.304082 0.000062
-1.284490 0.000010
-1.286939 0.000031
-1.288163 0.000021
-1.282449 0.000010
-1.275102 0.000010
-1.289388 0.000031
-1.287347 0.000010
-1.290816 0.000021
-1.281429 0.000021
-1.283469 0.000010
-1.285102 0.000010
-1.277347 0.000010
-1.285510 0.000010
-1.281020 0.000010
-1.268571 0.000010
-1.266735 0.000010
-1.292041 0.000010
-1.296327 0.000031
-1.301224 0.000062
-1.292653 0.000021
-1.289796 0.000010
-1.299184 0.000041
-1.293878 0.000021
-1.295102 0.000031
-1.300204 0.000010
-1.275918 0.000010
-1.297347 0.000041
-1.294694 0.000041
-1.294898 0.000021
-1.289184 0.000021
-1.284286 0.000021
-1.295714 0.000031
-1.278367 0.000010
-1.421633 0.000338
-1.412041 0.000605
-1.416531 0.000390
-1.425306 0.000144
-1.430408 0.000174
-1.429184 0.000215
-1.443265 0.000062
-1.436122 0.000103
-1.423673 0.000277
-1.429796 0.000267
-1.419184 0.000513
-1.443673 0.000072
-1.437551 0.000133
-1.428776 0.000205
-1.446122 0.000072
-1.440000 0.000062
-1.436531 0.000072
-1.435102 0.000123
-1.439796 0.000082
-1.427347 0.000328
-1.418571 0.000379
-1.422245 0.000287
-1.409184 0.000821
-1.432245 0.000123
-1.419388 0.000349
-1.435714 0.000082
-1.431020 0.000103
-1.427551 0.000154
-1.421429 0.000338
-1.426735 0.000267
-1.435918 0.000154
-1.430612 0.000174
-1.432857 0.000164
-1.430816 0.000185
-1.287755 0.000010
-1.286735 0.000010
-1.420408 0.000256
-1.288980 0.000010
-1.294286 0.000010
-1.434898 0.000103
-1.416939 0.000451
-1.422857 0.000308
-1.416735 0.000503
-1.425918 0.000267
-1.425102 0.000318
-1.431633 0.000092
-1.434694 0.000031
-1.422449 0.000246
-1.417143 0.000369
-1.444286 0.000021
-1.443469 0.000062
-1.428367 0.000072
-1.423878 0.000308
-1.436939 0.000123
-1.424286 0.000256
-1.433673 0.000092
-1.437143 0.000113
-1.447551 0.000021
-1.437959 0.000103
-1.439592 0.000041
-1.432041 0.000123
-1.445306 0.000041
-1.451224 0.000031
-1.433469 0.000103
-1.429388 0.000185
-1.433061 0.000154
-1.428571 0.000195
-1.441633 0.000041
-1.445714 0.000082
-1.432449 0.000103
-1.426327 0.000287
-1.432653 0.000226
-1.438571 0.000082
-1.444082 0.000021
-1.444898 0.000082
-1.433265 0.000103
-1.435510 0.000092
-1.438163 0.000103
-1.434082 0.000123
-1.436327 0.000062
-1.428980 0.000236
-1.446939 0.000021
-1.442857 0.000041
-1.449796 0.000021
-1.440612 0.000041
-1.437347 0.000062
-1.451633 0.000021
-1.445102 0.000051
-1.442041 0.000021
-1.443061 0.000062
-1.439184 0.000031
-1.453265 0.000010
-1.440816 0.000041
-1.442245 0.000103
-1.441224 0.000041
-1.446327 0.000031
-1.440204 0.000041
-1.428163 0.000154
-1.438776 0.000062
-1.438980 0.000041
-1.442449 0.000051
-1.447755 0.000041
-1.447347 0.000041
-1.441429 0.000103
-1.453469 0.000031
-1.439388 0.000072
-1.448776 0.000031
-1.460408 0.000010
-1.456122 0.000010
-1.455306 0.000031
-1.450816 0.000010
-1.445510 0.000041
-1.460204 0.000031
-1.452653 0.000031
-1.441837 0.000062
-1.442653 0.000031
-1.454898 0.000031
-1.449184 0.000031
-1.447143 0.000051
-1.438367 0.000103
-1.450612 0.000031
-1.437755 0.000041
-1.434490 0.000123
-1.448980 0.000021
-1.435306 0.000072
-1.450408 0.000010
-1.441020 0.000041
-1.431224 0.000103
-1.431429 0.000113
-1.436735 0.000072
-1.444490 0.000021
-1.293061 0.000010
-1.443878 0.000010
-1.449592 0.000021
-1.456939 0.000010
-1.450204 0.000021
-1.453061 0.000010
-1.448163 0.000010
-1.440408 0.000062
-1.452245 0.000010
-1.447959 0.000010
-1.469184 0.000010
-1.466735 0.000010
-1.448571 0.000021
-1.451020 0.000010
-1.457755 0.000021
-1.454286 0.000010
-1.454694 0.000010
-1.458163 0.000010
-1.451837 0.000010
-1.460816 0.000010
-1.454490 0.000021
-1.455510 0.000010
-1.453878 0.000010
-1.475306 0.000010
-1.456327 0.000010
-1.455714 0.000021
-1.284694 0.000010
-1.453673 0.000010
-1.446735 0.000031
-1.459388 0.000010
-1.450000 0.000021
-1.448367 0.000010
-1.445918 0.000010
-1.282857 0.000010
-1.296531 0.000021
-1.290000 0.000010
-1.291224 0.000021
-1.280000 0.000010
-1.290612 0.000031
-1.288367 0.000021
-1.290408 0.000010
-1.292449 0.000010
-1.452041 0.000010
-1.463061 0.000010
-1.459592 0.000010
-1.465102 0.000010
-1.280204 0.000010
-1.277551 0.000010
-1.270408 0.000010
-1.290204 0.000021
-1.293469 0.000010
-1.289592 0.000010
-1.293265 0.000010
-1.284898 0.000010
-1.287551 0.000010
0.000000 18192.941005
