-1.270000 0.025228
-1.470000 0.007819
-1.430000 0.010817
-1.340000 0.019438
-1.380000 0.015484
-1.290000 0.023695
-1.420000 0.011697
-1.330000 0.020177
-1.410000 0.012766
-1.400000 0.013333
-1.390000 0.014452
-1.360000 0.017350
-1.460000 0.008447
-1.500000 0.005773
-1.490000 0.006332
-1.440000 0.009929
-1.280000 0.024648
-1.190000 0.027604
-1.350000 0.018354
-1.570000 0.002352
-1.310000 0.021758
-1.300000 0.022839
-1.450000 0.009213
-1.320000 0.021022
-1.510000 0.005082
-1.540000 0.003521
-1.240000 0.026776
-1.480000 0.007170
-1.140000 0.024481
-1.250000 0.026242
-1.160000 0.026219
-1.230000 0.027074
-1.580000 0.002127
-1.110000 0.021478
-1.200000 0.027488
-1.260000 0.026067
-1.180000 0.027495
-1.220000 0.027292
-1.120000 0.022614
-1.060000 0.014628
-1.170000 0.026806
-1.210000 0.027559
-1.370000 0.016248
-1.070000 0.016008
-1.100000 0.020008
-1.130000 0.024000
-1.040000 0.012124
-1.090000 0.018902
-1.080000 0.017653
-1.150000 0.025804
-1.520000 0.004576
-1.560000 0.002813
-1.610000 0.001220
-1.690000 0.000244
-1.650000 0.000605
-1.550000 0.003225
-1.600000 0.001480
-1.530000 0.004082
-1.630000 0.000905
-1.000000 0.007028
-0.940000 0.002596
-1.020000 0.009408
-0.960000 0.003830
-1.030000 0.010744
-0.990000 0.006258
-0.980000 0.005286
-1.010000 0.008247
-0.930000 0.002129
-1.050000 0.013371
-0.950000 0.003107
-0.970000 0.004477
-1.710000 0.000151
-1.620000 0.001170
-0.900000 0.001101
-0.850000 0.000266
-0.920000 0.001700
-0.910000 0.001303
-0.890000 0.000834
-0.870000 0.000506
-1.670000 0.000382
-1.660000 0.000465
-1.720000 0.000096
-1.590000 0.001717
-1.640000 0.000731
-0.830000 0.000155
-0.880000 0.000690
-1.680000 0.000298
-0.860000 0.000387
-0.750000 0.000014
-1.700000 0.000194
-1.730000 0.000082
-0.840000 0.000213
-1.800000 0.000007
-1.740000 0.000057
-1.750000 0.000030
-0.780000 0.000037
-1.840000 0.000002
-0.820000 0.000092
-0.800000 0.000051
-0.760000 0.000014
-0.810000 0.000079
-1.770000 0.000016
-1.780000 0.000015
-1.790000 0.000007
-1.760000 0.000020
-1.820000 0.000005
-0.770000 0.000024
-0.790000 0.000041
-1.810000 0.000003
-1.850000 0.000003
-0.710000 0.000002
-0.740000 0.000007
-0.730000 0.000004
-0.720000 0.000004
-1.830000 0.000002
-1.870000 0.000001
0.000000 1584.973024
